2.0,-0.0012858002960172829,-0.0007655443920397872,0.12907568211350706,0.19938205030158235,0.8155606708301143,-0.5276738135252526,0.0014768933471034458,0.0017275603446832858,0.1290756821135066,0.19938205030158257,-0.0012524539781191267,-0.0006245408493135182,0.0014865068171241837,0.0017071205732765162,0.8156436203615325,-0.5275458920440892,0.8155606708301146,-0.5276738135252529,0.0014865068171241952,0.0017071205732765383,-0.0010914734262950489,-0.0008861194234632081,0.12894561945896038,0.19946695328337952,0.001476893347098039,0.0017275603446844313,0.8156436203615322,-0.5275458920440886,0.12894561945896024,0.1994669532833794,-0.000981265775191027,-0.000805952793243519
2.0904522613065324,-0.001368116622332626,-0.0007326647281275071,0.13913615513245223,0.20359764475206094,0.8002725182177027,-0.5465757616920168,0.0015826460550904507,0.0017462512501769882,0.1391361551324525,0.20359764475206066,-0.0013321093295432527,-0.0005868739991760992,0.0015919524771359388,0.001723644894866688,0.8003623134179164,-0.5464445739925715,0.8002725182177025,-0.5465757616920165,0.0015919524771359854,0.0017236448948667604,-0.001160306893815087,-0.0008687900288667969,0.13899738031347403,0.20369328710015164,0.0015826460550966647,0.001746251250171364,0.8003623134179161,-0.5464445739925714,0.13899738031347408,0.20369328710015167,-0.0010431009684770903,-0.0007909798541641255
2.180904522613065,-0.0014487120198458507,-0.0006934924848391513,0.14934577078237973,0.20728978429734127,0.7845847611477758,-0.5649292096124996,0.0016886627197001465,0.0017594023242174317,0.14934577078237962,0.2072897842973415,-0.0014100167003765899,-0.0005431200314932755,0.0016974921050495406,0.0017345731982966513,0.7846815749357196,-0.5647950413040882,0.7845847611477759,-0.5649292096124998,0.001697492105049516,0.0017345731982965767,-0.0012275481584459744,-0.0008462403451463771,0.1491984150865852,0.20739686693897955,0.0016886627196970696,0.0017594023242084097,0.7846815749357193,-0.5647950413040881,0.14919841508658518,0.20739686693897952,-0.001103508304583892,-0.0007713529418720908
2.271356783919598,-0.001527161196858826,-0.0006482004271093028,0.1596760772219644,0.21045636209708993,0.7685233584328723,-0.5827301448054019,0.0017946199965324775,0.0017671581566129375,0.15967607722196459,0.21045636209709026,-0.0014857646691586036,-0.000493456965700118,0.0018027945958043444,0.0017400645222991193,0.768627351300595,-0.5825932851991765,0.7685233584328727,-0.5827301448054023,0.0018027945958043478,0.0017400645222991136,-0.001292845164568077,-0.0008186384576749854,0.15952032009308104,0.21057557751338218,0.0017946199965160501,0.0017671581565978532,0.7686273513005952,-0.5825932851991769,0.15952032009308093,0.2105755775133821,-0.0011621747139332773,-0.0007472260838197392
2.3618090452261304,-0.0016030607016734137,-0.0005969874653468369,0.1700990401819746,0.21309688905331364,0.7521137484240445,-0.5999760603834412,0.001900217209428613,0.0017696836380284506,0.17009904018197478,0.2130968890533139,-0.0015589642656097015,-0.0004380880342729447,0.001907552927147725,0.0017402988509959232,0.7522250686223083,-0.5998368018487743,0.7521137484240445,-0.5999760603834413,0.001907552927147718,0.0017402988509959611,-0.00135586705427291,-0.0007861739018981983,0.16993510817006827,0.21322891822262707,0.0019002172094341992,0.001769683638032901,0.7522250686223086,-0.5998368018487744,0.16993510817006824,0.2132289182226271,-0.0012188066030323667,-0.0007187723391144327
2.4522613065326633,-0.0016760301965693337,-0.0005400759262484165,0.18058713535533716,0.2152124181465724,0.7353807573353396,-0.6166658730674536,0.0020051774093862093,0.0017671612393672042,0.18058713535533694,0.21521241814657277,-0.0016292501700775868,-0.0003772388872930855,0.0020114852476976358,0.0017354742428241344,0.7354995410969012,-0.616524510426683,0.7353807573353399,-0.6166658730674542,0.002011485247697606,0.001735474242824082,-0.0014163051464780915,-0.000749055037755542,0.18041530088854912,0.2153579276290631,0.0020051774093820555,0.0017671612393376182,0.7354995410969016,-0.616524510426683,0.1804153008885491,0.21535792762906308,-0.0012731307109081565,-0.0006861813897072658
2.542713567839196,-0.001745713408460164,-0.0004777088296018956,0.19111343110811654,0.21680546436070297,0.7183485173693424,-0.6327998365700926,0.002109248128492103,0.0017597882989209696,0.1911134311081163,0.2168054643607028,-0.001696281584003248,-0.0003111548103010553,0.0021143356430572604,0.001725803969907427,0.7184748891652628,-0.6326566665335187,0.7183485173693418,-0.6327998365700923,0.0021143356430572712,0.001725803969907429,-0.0014738736084192368,-0.0007075064475925928,0.1909340111035938,0.2169651035320729,0.002109248128506101,0.0017597882989223376,0.7184748891652633,-0.6326566665335184,0.19093401110359395,0.216965103532073,-0.001324894683923201,-0.0006496571561648312
2.6331658291457285,-0.0018117787755480017,-0.0004101472034536742,0.20165166152643577,0.2178799213041006,0.7010403946437636,-0.6483794514469363,0.002212201843518413,0.0017477743495702323,0.20165166152643593,0.2178799213041007,-0.0017597427895489595,-0.0002400979910435154,0.0022158745975209594,0.001711513701854225,0.701174467468103,-0.6482347720894454,0.7010403946437632,-0.6483794514469363,0.0022158745975209455,0.001711513701854237,-0.0015283098375848667,-0.0006617663906761073,0.2014650158580523,0.21805431974465136,0.0022122018435283765,0.0017477743495877987,0.7011744674681027,-0.6482347720894454,0.20146501585805235,0.21805431974465134,-0.0013738673855465395,-0.000609415468351798
2.7236180904522613,-0.0018739198083550222,-0.0003376674720709685,0.21217628993020232,0.21844097557825853,0.6834789268044589,-0.6634073724556069,0.0023138361709939895,0.0017313385140513302,0.21217628993020232,0.21844097557825815,-0.0018193434197552984,-0.00016434486649730901,0.002315899171945653,0.001692838763825046,0.6836208024827796,-0.6632614827358101,0.683478926804459,-0.6634073724556071,0.0023158991719456584,0.0016928387638249663,-0.00157937457512015,-0.0006120843433568195,0.211982819770343,0.21863074062135027,0.002313836171047574,0.0017313385140101316,0.6836208024827792,-0.6632614827358098,0.2119828197703428,0.21863074062135016,-0.0014198389609312023,-0.0005656818172191358
2.8140703517587937,-0.0019318551885612358,-0.0002605589408915032,0.2226625630869048,0.21849501987679226,0.6656857701091577,-0.677887314396259,0.002413973812818305,0.0017107069926509343,0.22266256308690469,0.21849501987679235,-0.0018748184630482181,-8.418357723311061e-5,0.002414232920663341,0.0016700214944556024,0.6658355396263776,-0.6777405137185836,0.6656857701091574,-0.6778873143962589,0.002414232920663298,0.0016700214944556603,-0.0016268517739557215,-0.0005587186497407419,0.22246270913909197,0.21870073431904474,0.002413973812863322,0.0017107069926581447,0.6658355396263778,-0.6777405137185837,0.22246270913909205,0.21870073431904488,-0.0014626206774077538,-0.0005186892108670516
2.9045226130653266,-0.0019853286303671194,-0.00017912140236625487,0.2330865564473671,0.21804956572308998,0.6476816556789023,-0.6918239573319229,0.002512462276880959,0.001686110664624654,0.23308655644736734,0.21804956572308964,-0.0019259280276693674,8.844821785137374e-8,0.002510725571887722,0.0016433087249474285,0.6478393995221864,-0.6916765451516879,0.6476816556789026,-0.6918239573319231,0.002510725571887688,0.0016433087249475024,-0.0016705482464631357,-0.0005019343035359907,0.23288079708583043,0.218271785696984,0.0025124622769320546,0.001686110664618353,0.6478393995221858,-0.6916765451516876,0.23288079708583034,0.2182717856969838,-0.0015020445644364454,-0.0004686761531568489
2.9949748743718594,-0.0020341085284843966,-9.36628804148305e-5,0.24342521080012608,0.21711315667413347,0.6294863545408547,-0.7052228520069727,0.002609173396293195,0.001657782818172958,0.24342521080012613,0.2171131566741336,-0.001972456892671239,8.816676058517086e-5,0.0026052524969979152,0.0016129493964466674,0.6296521430534168,-0.7050751274780918,0.6294863545408544,-0.7052228520069728,0.0026052524969979443,0.0016129493964466867,-0.0017102931173385379,-0.000442000877642396,0.24321406013161564,0.21735240968220448,0.002609173396232536,0.0016577828182339667,0.6296521430534168,-0.7050751274780919,0.24321406013161578,0.21735240968220462,-0.0015379628762071692,-0.00041588476007334675
3.0854271356783918,-0.002077987421504921,-4.497528263204984e-6,0.253656360802347,0.2156952827341865,0.6111186510263487,-0.7180903261984733,0.002704002670511208,0.0016259570229649055,0.25365636080234666,0.21569528273418642,-0.0020142138725784938,0.00017974199442194022,0.0026977139944086384,0.001579192328828312,0.6112925447682502,-0.7179425878631032,0.6111186510263492,-0.7180903261984737,0.002697713994408637,0.0015791923288284474,-0.0017459371077461476,-0.00037919061412178956,0.2534403666645867,0.21595206584265905,0.002704002670527801,0.001625957022988114,0.6112925447682503,-0.7179425878631032,0.2534403666645866,0.21595206584265902,-0.0015702474012079181,-0.00036055902552269457
3.1758793969849246,-0.00211678129274438,8.80563087675294e-5,0.26375875589346215,0.2138062966366616,0.5925963240413912,-0.7304333926503056,0.002796868454646621,0.001590865153446042,0.2637587558934621,0.2138062966366617,-0.0020510310227474233,0.000274501799614261,0.002788034413542444,0.0015422841502222432,0.5927783741536458,-0.7302859381694433,0.592596324041391,-0.7304333926503055,0.0027880344135424212,0.0015422841502222497,-0.0017773516765711083,-0.00031377668349789065,0.2635384978036236,0.21408107482522618,0.0027968684546963766,0.0015908651534806918,0.5927783741536455,-0.7302859381694431,0.26353849780362365,0.2140810748252261,-0.0015987886425904308,-0.0003029432435392558
3.2663316582914574,-0.0021503287387462195,0.00018367786113741413,0.2737120741337081,0.21145733256738747,0.5739361356924182,-0.7422596591553752,0.002887711017387789,0.0015527355690937677,0.27371207413370846,0.21145733256738747,-0.0020827627119198106,0.0003721325930759512,0.002876161143761823,0.0015024673931374943,0.5741263842609654,-0.742112785079172,0.5739361356924179,-0.7422596591553751,0.0028761611437618435,0.0015024673931374956,-0.0018044280440164314,-0.00024603161893141097,0.27348816119924246,0.21175053723082138,0.002887711017421218,0.001552735569096282,0.5741263842609654,-0.7421127850791724,0.27348816119924246,0.2117505372308215,-0.0016234948924525488,-0.00024328059338494309
3.35678391959799,-0.0021784900261767903,0.000282045525445903,0.28349692953444583,0.20866022781900917,0.5551538267271796,-0.7535772412684385,0.0029764914926883445,0.0015117914540972478,0.28349692953444555,0.20866022781900917,-0.002109284587534546,0.0004723211271252668,0.0029620634920960232,0.001459978759896478,0.5553523071435306,-0.7534312428447527,0.5551538267271791,-0.7535772412684382,0.0029620634920960293,0.0014599787598965424,-0.0018270761217992167,-0.00017622592773335099,0.28326999833749744,0.20897225541552028,0.002976491492654639,0.0015117914540747571,0.5553523071435309,-0.7534312428447532,0.2832699983374975,0.20897225541552047,-0.0016442912222678786,-0.00018181188815686927
3.4472361809045227,-0.00220114606290919,0.00038283828000510497,0.29309487346151386,0.20542744778566818,0.5362641182379955,-0.7643946780522047,0.003063190745127238,0.0014682493170905598,0.2930948734615135,0.2054274477856683,-0.0021304924581308092,0.00057475587396678,0.0030457314722499573,0.0014150475572813103,0.5364708555536238,-0.7642498490717475,0.5362641182379955,-0.7643946780522047,0.003045731472249838,0.0014150475572814196,-0.0018452233729343277,-0.00010462687994256664,0.29286558592703466,0.2057586586261582,0.0030631907451181355,0.0014682493171030426,0.5364708555536242,-0.7642498490717478,0.2928655859270348,0.20575865862615816,-0.001661118410939369,-0.00011877448673446945
3.537688442211055,-0.002218197305475737,0.0004857369241925433,0.3024883906980834,0.20177201463033462,0.5172807190713612,-0.774720851183512,0.0031478081694299603,0.0014223176482066587,0.3024883906980837,0.20177201463033487,-0.0021463011156863483,0.0006791282282768819,0.003127174525814121,0.0013678942978672195,0.5174957303431571,-0.77457748385978,0.5172807190713615,-0.7747208511835122,0.0031271745258141448,0.001367894297867328,-0.0018588136226026833,-3.149747131012256e-5,0.30225743195462174,0.20212273180226048,0.003147808169502989,0.0014223176482186784,0.517495730343157,-0.7745774838597798,0.30225743195462157,0.20212273180226026,-0.0016739318298175166,-5.440136707928541e-5
3.628140703517588,-0.0022295626230844664,0.0005904251485774241,0.3116608907505545,0.19770743988500275,0.4982163383927093,-0.7845649076752166,0.003230360441339627,0.0013741957292195774,0.31166089075055453,0.19770743988500275,-0.0021566431190762577,0.0007851335320833912,0.0032064201948445105,0.0013187294634442498,0.4984396330170775,-0.7844232925572907,0.4982163383927092,-0.7845649076752165,0.0032064201948444953,0.0013187294634442051,-0.0018678058399549597,4.290444400338036e-5,0.3114289669916052,0.19807794830412537,0.0032303604413464917,0.0013741957292217558,0.4984396330170775,-0.7844232925572907,0.3114289669916054,0.1980779483041255,-0.0016827003027875156,1.1079644306328119e-5
3.7185929648241207,-0.0022351781366341085,0.0006965904357182236,0.32059669497125426,0.19324766117694164,0.4790827028670198,-0.7939361864035848,0.003310880237547062,0.0013240725917929644,0.32059669497125426,0.1932476611769419,-0.002161467558071999,0.0008924719279825985,0.003283512763119309,0.0012677524242106354,0.47931428290044703,-0.7937966123197804,0.47908270286701987,-0.7939361864035849,0.003283512763119338,0.0012677524242105888,-0.00187217290894908,0.00011832685740349464,0.3203645313239517,0.19363820675999538,0.003310880237550908,0.0013240725918414718,0.4793142829004469,-0.7937966123197802,0.32036453132395165,0.1936382067599953,-0.0016874049585280232,7.744649250041079e-5
3.809045226130653,-0.0022349960517395466,0.000803924804888133,0.32928102005600884,0.18840698321269625,0.4598905779337746,-0.8028441485708048,0.003389414938315029,0.0012721261160502282,0.329281020056009,0.18840698321269644,-0.0021607388154448255,0.001000849048251191,0.0033585118814608585,0.001215150506051561,0.4601304383979234,-0.8027069026010949,0.4598905779337747,-0.8028441485708051,0.0033585118814608607,0.0012151505060516046,-0.0018719004045285284,0.00019452415426085426,0.3290493584629048,0.18881777216387008,0.003389414938365241,0.001272126116060496,0.46013043839792334,-0.8027069026010947,0.3290493584629046,0.1888177721638699,-0.001688038089240627,0.00014448337137682897
3.899497487437186,-0.0022289834998146327,0.0009121254037293912,0.3376999584542519,0.1832000230957529,0.4406497926773865,-0.8112983121779731,0.003466025326686887,0.0012185222609700052,0.33769995845425205,0.1832000230957528,-0.0021544353429026664,0.001109976548599869,0.0034314911905743185,0.0011610981971571118,0.44089792184701226,-0.8111636796530639,0.4406497926773866,-0.8112983121779732,0.0034314911905743246,0.0011610981971572343,-0.00186698538863898,0.00027125751555210254,0.3374695555729085,0.18363122129985462,0.003466025326667655,0.0012185222610063596,0.4408979218470121,-0.8111636796530637,0.3374695555729085,0.1836312212998546,-0.001684602029267278,0.00021198106589324158
3.9899497487437188,-0.002217121401147136,0.0010208949589386872,0.34584045620509996,0.17764166000380646,0.4213692678207756,-0.8193081905356351,0.0035407842933307377,0.0011634144193733793,0.3458404562050996,0.1776416600038061,-0.002142548464747552,0.001219572496232713,0.0035025369529394245,0.0011057564844768877,0.4216256474929612,-0.8191764550605531,0.4213692678207757,-0.8193081905356355,0.0035025369529394315,0.001105756484476868,-0.0018574352388167818,0.0003482951823457357,0.34561208132928245,0.1780933925190331,0.003540784293295275,0.0011634144193509001,0.42162564749296133,-0.8191764550605534,0.3456120813292824,0.17809339251903314,-0.0016771080654824544,0.0002797371684426389
4.080402010050251,-0.002199403362980559,0.00112994209405668,0.353690288685758,0.17174698920728035,0.40205704639920886,-0.8268832347966258,0.0036137755590822914,0.0011069428857081308,0.35369028868575814,0.17174698920727993,-0.0021250812213693022,0.0013293616225057195,0.003571746703442832,0.0010492723100161685,0.40232165214263066,-0.8267546782966689,0.4020570463992086,-0.8268832347966254,0.0035717467034428107,0.0010492723100162071,-0.0018432665203754236,0.0004254125932760017,0.35346472169111054,0.172219339850682,0.0036137755590799686,0.0011069428857471094,0.40232165214263077,-0.8267546782966693,0.3534647216911107,0.17221933985068202,-0.0016655753886660747,0.00034755617905319887
4.1708542713567835,-0.0021758346215551934,0.0012389815265983466,0.3612380347294975,0.1655312803720583,0.38272032670310335,-0.8340327804594205,0.0036850924199117677,0.0010492344301534261,0.36123803472949756,0.16553128037205825,-0.0021020472630022815,0.0014390754509033985,0.003639227926653147,0.0009917781367290513,0.38299312808621006,-0.8339076832463371,0.3827203267031029,-0.8340327804594201,0.0036392279266530565,0.0009917781367291855,-0.0018245039115919257,0.0005023924054667445,0.3610160640457544,0.1660242913909988,0.0036850924198899002,0.0010492344301820345,0.38299312808620994,-0.8339076832463372,0.3610160640457547,0.16602429139099897,-0.0016500300956498873,0.0004152494983350605
4.261306532663316,-0.002146431038862476,0.001347734151415706,0.3684730495400256,0.1590099400559739,0.3633654971114171,-0.8407659977592628,0.0037548365226642657,0.0009904019658669805,0.3684730495400255,0.1590099400559738,-0.0020734698025818414,0.0015484523112563897,0.0037050967669778443,0.0009333916137177924,0.36364645790859174,-0.8406446386155478,0.3633654971114172,-0.8407659977592629,0.003705096766977789,0.0009333916137179602,-0.0018011791897901439,0.000579024409498577,0.3682554701510386,0.15952361187919567,0.003754836522693374,0.0009904019658709988,0.36364645790859174,-0.8406446386155475,0.36825547015103843,0.15952361187919561,-0.0016305042476079219,0.00048263532396391887
4.351758793969849,-0.0021112181593848063,0.0014559270232869037,0.37538543679801883,0.15219847828023111,0.34399817247089204,-0.8470918458386927,0.0038231166751941997,0.0009305443030128324,0.37538543679801895,0.1521984782802313,-0.002039380635064069,0.0016572372511665591,0.0037694767763770615,0.0008742153305956563,0.34428725084581163,-0.8469745021179103,0.3439981724708921,-0.8470918458386926,0.0037694767763771274,0.0008742153305955041,-0.0017733302848159944,0.0006551053489833706,0.3751730482701728,0.15273276934247057,0.003823116675141818,0.0009305443029940945,0.34428725084581174,-0.8469745021179104,0.3751730482701727,0.1527327693424706,-0.0016070349922050152,0.0005495384599433842
4.442211055276382,-0.0020702303347852054,0.0015632932513761637,0.38196602032441507,0.14511247903319174,0.32462323171016977,-0.8530190305684087,0.0038900476926475138,0.0008697459785444245,0.38196602032441485,0.14511247903319172,-0.0019998192292223697,0.001765181855506301,0.0038324977028740496,0.0008143366511608196,0.3249203803757263,-0.8529059783095126,0.32462323171016993,-0.8530190305684093,0.0038324977028741255,0.0008143366511605965,-0.001741000405134331,0.0007304386551492947,0.38175962486338166,0.14566730566768843,0.003890047692647753,0.0008697459785821483,0.3249203803757263,-0.8529059783095128,0.38175962486338166,0.1456673056676884,-0.0015796637527853968,0.0006157900475110564
4.532663316582915,-0.0020235099210661727,0.001669571809284965,0.38820631563432145,0.1377675745444772,0.30524485641121524,-0.8585559658733563,0.003955749285422897,0.000808077153466753,0.3882063156343213,0.1377675745444776,-0.001954831896725456,0.0018720439846418822,0.003894294321804455,0.0007538276169627836,0.3055500227654895,-0.8584474799269903,0.305244856411215,-0.8585559658733563,0.003894294321804382,0.0007538276169628247,-0.0017042372406367128,0.0008048341065777628,0.3880067161695006,0.13834281093816442,0.003955749285373816,0.0008080771534713542,0.3055500227654898,-0.8584474799269904,0.38800671616950067,0.13834281093816442,-0.0015484354890332515,0.0006812272288193234
4.623115577889447,-0.001971106551315155,0.0017745072776018517,0.3940985016853629,0.13017942315176667,0.28586657009312344,-0.8637107384070952,0.004020344985789525,0.0007455935686669056,0.39409850168536287,0.13017942315176684,-0.001904471042201401,0.0019775874417298457,0.0039550053105721315,0.0006927449118665228,0.286179696331019,-0.8636070925719351,0.28586657009312333,-0.8637107384070953,0.00395500531057216,0.000692744911866439,-0.0016630922452436144,0.0008781074238881436,0.3939064999808783,0.13077490135838235,0.004020344985771168,0.0007455935686436469,0.2861796963310191,-0.8636070925719351,0.3939064999808784,0.13077490135838252,-0.0015133980314948339,0.0007456927504585439
4.71356783919598,-0.0019130764878713762,0.0018778495244011703,0.3996353930953933,0.12236369057046942,0.2664912779949357,-0.8684910754095525,0.004083961115650107,0.0006823365525130981,0.3996353930953931,0.12236369057046946,-0.0018487944970583228,0.002081581579069911,0.004014772166640873,0.0006311298793417275,0.26681230119518107,-0.8683925425767771,0.2664912779949356,-0.8684910754095522,0.004014772166640847,0.0006311298793417606,-0.0016176200015022727,0.0009500798087670204,0.3994517878860434,0.12297920057733873,0.004083961115649528,0.0006823365524988431,0.266812301195181,-0.868392542576777,0.39945178788604346,0.12297920057733865,-0.0014746014919467428,0.00080903451661761
4.8040201005025125,-0.0018494820554002928,0.0019793533345949326,0.4048104130768823,0.11433603436738221,0.24712130717427755,-0.8729043155787752,0.0041467257934328025,0.0006183330724407438,0.4048104130768822,0.11433603436738199,-0.0017878649389715974,0.0021838008530855545,0.0040737381675788956,0.0005690085848913627,0.24745015936159712,-0.872811167882808,0.2471213071742775,-0.8729043155787755,0.004073738167578931,0.000569008584891235,-0.001567877668622569,0.0010205774363036667,0.4046359982270774,0.1149713242121177,0.004146725793448299,0.0006183330724521793,0.247450159361597,-0.8728111678828081,0.40463599822707713,0.11497132421211763,-0.0014320977509772344,0.000871105099725975
4.894472361809045,-0.0017803911576050673,0.0020787779973965893,0.40961756730918586,0.10611209143292434,0.22775844676724638,-0.8769573827859256,0.004208767978145726,0.0005535958234861222,0.4096175673091859,0.1061120914329245,-0.0017217493982617372,0.0022840243370722425,0.004132047371191021,0.000506391916755819,0.228095054949586,-0.8768698917596421,0.22775844676724658,-0.8769573827859258,0.004132047371191056,0.0005063919167556381,-0.0015139245147540302,0.001089430909137668,0.40945312999256656,0.10676686736683927,0.004208767978144865,0.0005535958235264924,0.2280950549495861,-0.8768698917596423,0.40945312999256667,0.10676686736683914,-0.0013859400229362434,0.0009317612161158439
4.984924623115578,-0.001705876876013689,0.0021758868588420926,0.4140514189454187,0.09770746824235652,0.2084039882818777,-0.8806567624641511,0.004270216549309468,0.00048812334940424894,0.41405141894541886,0.09770746824235653,-0.0016505188517606745,0.002382035200408679,0.004189843653099302,0.00044327571880733557,0.20874827446263466,-0.8805751991967812,0.2084039882818777,-0.8806567624641514,0.004189843653099243,0.00044327571880746,-0.001455821533767089,0.0011564746814705764,0.413897737842587,0.098381394937906,0.004270216549300175,0.00048812334941667477,0.20874827446263455,-0.8805751991967808,0.4138977378425868,0.09838139493790596,-0.001336182499014618,0.0009908631744060242
5.07537688442211,-0.0016260171531176388,0.002270446849497014,0.41810706492782296,0.08913773369401598,0.18905876582257558,-0.8840084805057751,0.004331199418447075,0.00042190019012885353,0.41810706492782335,0.08913773369401569,-0.00157424790427197,0.002477620162495771,0.004247269778580113,0.00037964095033264964,0.18941064698785462,-0.8839331158017675,0.18905876582257547,-0.8840084805057742,0.00424726977858008,0.00037964095033282187,-0.001393631146366253,0.0012215464605463701,0.4179649084394018,0.08983043449414806,0.004331199418461022,0.00042190019015075117,0.1894106469878543,-0.8839331158017675,0.4179649084394021,0.08983043449414801,-0.0012828800678124936,0.001048274303331532
5.165829145728643,-0.0015408945595526548,0.0023622279939662944,0.4217801137644233,0.08041841431182724,0.169723196166073,-0.8870180845081561,0.004391842670156065,0.00035489705175408335,0.4217801137644232,0.0804184143118271,-0.0014930145573058833,0.002570568929270863,0.004304466505013352,0.00031545386820859534,0.17008258424704026,-0.8869491890453285,0.16972319616607284,-0.8870180845081561,0.004304466505013324,0.00031545386820856964,-0.0013274169850100532,0.0012844865927861618,0.4216502382365017,0.08112947151966707,0.004391842670132283,0.00035489705177206376,0.1700825842470401,-0.8869491890453287,0.42165023823650183,0.0811294715196671,-0.00122608811289851,0.0011038603654473212
5.256281407035176,-0.0014505961432934812,0.0024510029090369246,0.42506666490031975,0.07156499159976379,0.1503973186306965,-0.8896906272163507,0.004452269727959755,0.00028707099581292946,0.4250666649003203,0.0715649915997638,-0.001406900064445673,0.002660673619755323,0.004361571710940864,0.00025066622778122246,0.15076412044115803,-0.8896284717016417,0.15039731863069639,-0.8896906272163502,0.0043615717109408685,0.00025066622778113616,-0.0012572437618354367,0.0013451374413699924,0.4249498128592276,0.07229394680760777,0.004452269727971916,0.0002870709958263935,0.15076412044115806,-0.8896284717016417,0.4249498128592275,0.0722939468076077,-0.00116586238670942,0.0011574889629083116
5.346733668341709,-0.001355213362221302,0.0025365462995770322,0.4279632897991962,0.06259290133727748,0.13108083470000448,-0.8920306520199784,0.004512600542067509,0.00021836564432131013,0.42796328979919596,0.06259290133727763,-0.0013159888724046814,0.0027477281897504095,0.004418719547475465,0.0001852154995742767,0.1314549518493817,-0.8919755073411882,0.13108083470000453,-0.8920306520199784,0.004418719547475497,0.00018521549957429184,-0.001183177218573635,0.0014033427617127204,0.42786018819248794,0.063339255794438,0.004512600542003568,0.00021836564435387396,0.13145495184938177,-0.8919755073411885,0.4278601881924879,0.063339255794438,-0.0011022589596293608,0.001209028941428166
5.437185929648241,-0.0012548420968262392,0.0026186344563687227,0.430467014834354,0.053517534606749954,0.11177314737918395,-0.8940421803723925,0.0045729507935703285,0.00014871139971600118,0.4304670148343537,0.05351753460675004,-0.0012203686466561597,0.00283152785948459,0.0044760396076166074,0.00011902509974137536,0.11215447616110087,-0.8939943177442731,0.11177314737918385,-0.894042180372393,0.004476039607616616,0.00011902509974146619,-0.0011052841572869929,0.0014589470809731862,0.4303783732748848,0.05428074962633037,0.004572950793573687,0.00014871139971261285,0.11215447616110094,-0.893994317744273,0.4303783732748844,0.054280749626330387,-0.0010353342434145877,0.0012583497970834246
5.527638190954773,-0.0011495827436387971,0.0026970447650024993,0.4325753060738551,0.04435424034644416,0.09247340027801444,-0.8957287010119699,0.00463343111274144,7.802567704824233e-5,0.432575306073855,0.04435424034644413,-0.0011201303803034144,0.002911868551762218,0.004533656108934203,5.20046329802763e-5,0.09286183153475677,-0.8956883921150725,0.09247340027801453,-0.8957287010119697,0.004533656108934197,5.200463298045316e-5,-0.0010236325506401778,0.001511795087485827,0.4325018150838357,0.0451337377516812,0.004633431112765636,7.802567703053909e-5,0.09286183153475683,-0.8956883921150723,0.4325018150838357,0.04513373775168123,-0.0009651450873347778,0.0013053210925742353
5.618090452261306,-0.0010395403869678302,0.0027715552298844793,0.4342860560308818,0.03511832922510781,0.07318051642772397,-0.8970931608780677,0.004694146305349038,6.2131492202240505e-6,0.4342860560308819,0.03511832922510762,-0.0010153685847562291,0.002988546346954405,0.004591687085054765,-1.5949852599263054e-5,0.07357593539086406,-0.8970606779887428,0.073180516427724,-0.8970931608780673,0.004591687085054753,-1.5949852599187004e-5,-0.0009382917303311325,0.0015617310358025287,0.43422838528290386,0.03591349183645567,0.0046941463054017835,6.2131491986968775e-6,0.07357593539086407,-0.8970606779887427,0.43422838528290386,0.03591349183645565,-0.0008917489462745547,0.001349811886567027
5.708542713567839,-0.0009248250475656734,0.0028419440205302493,0.4355975724382263,0.025825078637064038,0.0538932368507191,-0.8981379576276486,0.0047551945843191164,-6.683399540626162e-5,0.4355975724382264,0.025825078637063983,-0.0009061815606295355,0.003061356961025198,0.004650243581432212,-8.495559839559125e-5,0.05429552295825259,-0.8981135737375977,0.05389323685071898,-0.8981379576276485,0.004650243581432218,-8.495559839565768e-5,-0.0008493326522475552,0.0016085981728885916,0.435556368990354,0.026635250801732274,0.004755194584332007,-6.683399541639875e-5,0.05429552295825263,-0.8981135737375979,0.4355563689903541,0.02663525080173237,-0.0008152041191555782,0.0013916901825119193
5.798994974874372,-0.0008055520069659412,0.002907989046917448,0.436508569094646,0.016489738619198363,0.03461015891204346,-0.8988649336726535,0.004816666801350055,-0.00014123578195462797,0.436508569094646,0.016489738619198155,-0.0007926717471971534,0.0031300952526834773,0.004709428850995193,-0.00015514285501285773,0.03501918560241764,-0.898848922596429,0.03461015891204353,-0.8988649336726535,0.004709428850995197,-0.00015514285501300786,-0.0007568282368520841,0.001652238190927656,0.43648445561684796,0.017314226785383812,0.0048166668014026056,-0.0001412357819659485,0.03501918560241763,-0.8988489225964288,0.43648445561684796,0.017314226785383847,-0.0007355700563549991,0.0014308224003684875
5.889447236180905,-0.0006818422046506362,0.002969467568758467,0.4370181588205692,0.007127538493556011,0.015329774489484787,-0.899275371672792,0.004878645675804875,-0.00021712416255513932,0.4370181588205693,0.007127538493556021,-0.0006749461485930241,0.0031945547657128547,0.004769337545444382,-0.0002266545869902759,0.015745408972949564,-0.8992680081416212,0.01532977448948473,-0.8992753716727919,0.004769337545444375,-0.0002266545869900504,-0.000660853783246895,0.0016924907121581671,0.43701173180996605,0.007965611832127687,0.004878645675812384,-0.00021712416255548653,0.01574540897294961,-0.8992680081416209,0.4370117318099659,0.007965611832127741,-0.0006529077350321049,0.0014670728774549262
5.9798994974874375,-0.0005538227075677526,0.003026155845230871,0.4371258485511195,-0.0022463059587882798,-0.003949491994407783,-0.8993699914333688,0.004941205016247558,-0.0002946427128096504,0.4371258485511195,-0.002246305958788124,-0.0005531168348690571,0.003254527312534397,0.004830054898210705,-0.0002996461601031678,-0.00352738898664175,-0.8993715511736726,-0.003949491994407805,-0.8993699914333688,0.004830054898210703,-0.00029964616010313944,-0.0005614874552985312,0.0017291928111827415,0.43713767653378316,-0.0013954148818831709,0.00494120501622675,-0.0002946427127894862,-0.0035273889866417082,-0.8993715511736726,0.43713767653378316,-0.0013954148818831858,-0.0005672801005633133,0.0015003034022570598
6.07035175879397,-0.0004216272484771112,0.00307782883107495,0.43683153658548063,-0.01161658498543133,-0.02322924563048536,-0.8991489481730126,0.005004408931754794,-0.00037394630774970745,0.43683153658548085,-0.011616584985431451,-0.00042730151583095113,0.0033098026051216235,0.00489165589539548,-0.0003742850080693008,-0.022800820118746703,-0.899159707967956,-0.023229245630485375,-0.8991489481730128,0.0048916558953954825,-0.00037428500806927086,-0.00045881083811033177,0.0017621785802668078,0.436862158302817,-0.010753679482273936,0.005004408931750543,-0.0003739463077412171,-0.022800820118746755,-0.8991597079679563,0.436862158302817,-0.01075367948227396,-0.00047875257290606936,0.001530372786719871
6.160804020100502,-0.0002853968314987966,0.003124259925910257,0.43613551200308576,-0.020968087203774702,-0.04251108312050188,-0.8986118321415919,0.005068311029557659,-0.0004552007740939208,0.43613551200308615,-0.020968087203774834,-0.00029762418543625405,0.003360167939486861,0.004954204431379017,-0.00045075027481350575,-0.04207648817021263,-0.8986320698739769,-0.042511083120501836,-0.8986118321415916,0.0049542044313790135,-0.0004507502748133701,-0.00035290956300991727,0.0017912787432606458,0.4361854345811863,-0.020094005678843587,0.005068311029643862,-0.0004552007741184358,-0.04207648817021259,-0.8986320698739765,0.436185434581186,-0.02009400567884362,-0.0003873936161051897,0.0015571364817985496
6.251256281407035,-0.0001452804023021204,0.003165220781625191,0.43503845624879584,-0.030285591987008406,-0.06179655486181371,-0.8977576695841268,0.0051329535974364866,-0.0005385825145162917,0.4350384562487951,-0.030285591987008347,-0.00016421583428277744,0.003405407940107013,0.005017752446223557,-0.0005292324277768933,-0.06135595089742591,-0.8977876642589163,-0.06179655486181361,-0.8977576695841264,0.005017752446223556,-0.0005292324277768959,-0.00024387399905884748,0.0018163203239447354,0.43510815334952174,-0.02940120708809542,0.005132953597479907,-0.0005385825145215775,-0.06135595089742583,-0.8977876642589159,0.43510815334952174,-0.02940120708809541,-0.00029327536938853036,0.00158044624165026
6.341708542713568,-1.4355799073487467e-6,0.0032004811752234475,0.43354144688095103,-0.03955386208650974,-0.08108712696753577,-0.8965849250620775,0.00519836676604213,-0.0006242780988774037,0.43354144688095103,-0.03955386208650986,-2.7215227481113596e-5,0.003445304370836553,0.005082339042498179,-0.0006099328371240133,-0.0806406821060996,-0.8966249568067972,-0.08108712696753571,-0.8965849250620774,0.005082339042498177,-0.0006099328371239907,-0.00013180000887197318,0.0018371263747993913,0.433631356833975,-0.03866007978701154,0.005198366766038147,-0.0006242780988914428,-0.0806406821060996,-0.8966249568067971,0.4336313568339752,-0.03866007978701157,-0.00019647433792152182,0.0016001498414557702
6.432160804020101,0.00014597055328219788,0.003229808954617923,0.4316459634677973,-0.048757636682899626,-0.1003841431724345,-0.8950915051588515,0.005264567653414749,-0.0007124838176763689,0.4316459634677967,-0.048757636682899466,0.00011323025515659942,0.0034796360190646773,0.005147989579727248,-0.000693063315069151,-0.09993203357595376,-0.8951418552000808,-0.10038414317243458,-0.8950915051588522,0.005147989579727229,-0.0006930633150693981,-1.6789766266030382e-5,0.0018535157724327031,0.4317564873832934,-0.04785539528988563,0.005264567653384152,-0.000712483817668627,-0.09993203357595382,-0.8951418552000808,0.4317564873832937,-0.04785539528988564,-9.707214099898883e-5,0.0016160908552590497
6.522613065326634,0.0002967606062446135,0.0032529700619752444,0.4293538956090419,-0.057881625059233215,-0.1196887865785761,-0.8932747636117595,0.005331559486876858,-0.0008034051911437862,0.4293538956090423,-0.057881625059233215,0.00025696372006276313,0.003508178660107585,0.005214714745320832,-0.0007788456089712467,-0.11923119682421052,-0.8933357142258929,-0.11968878657857611,-0.8932747636117595,0.00521471474532084,-0.0007788456089712415,0.00010104736708480135,0.0018653030861618001,0.42948539547128506,-0.05697189414128676,0.005331559486926652,-0.0008034051911557154,-0.11923119682421048,-0.8933357142258929,0.4294853954712849,-0.05697189414128675,4.843684523431987e-6,0.001628108498498046
6.613065326633166,0.0004507459836935173,0.003269728643225561,0.4266675530501576,-0.06691050109151664,-0.13900204120014725,-0.8911315079277383,0.005399330704853439,-0.0008972564281391172,0.4266675530501576,-0.06691050109151671,0.0004038178059354185,0.003530705109062491,0.005282509601565406,-0.0008675108412749379,-0.13853916466720564,-0.8912033423641592,-0.13900204120014717,-0.891131507927738,0.005282509601565395,-0.0008675108412748199,0.00022159390922644445,0.0018722985265111642,0.4268203497928548,-0.06599428031996013,0.005399330704892366,-0.000897256428148416,-0.13853916466720542,-0.8912033423641584,0.4268203497928542,-0.06599428031996012,0.00010917882853965142,0.0016360375436885067
6.703517587939698,0.0006077259440063802,0.0032798472506546097,0.423589677847134,-0.07582889875385482,-0.15832465327401105,-0.8886580075549991,0.00546785403681559,-0.0009942598274811144,0.4235896778471338,-0.0758288987538549,0.00055361367933626,0.0035469853675957376,0.005351352609072688,-0.0009592988888757469,-0.15785669254655524,-0.8887410099297727,-0.15832465327401093,-0.8886580075549984,0.00535135260907269,-0.0009592988888756228,0.00034472327347483583,0.0018743079806732691,0.42376404941199675,-0.07490721665062974,0.005467854036812645,-0.000994259827486706,-0.15785669254655527,-0.8887410099297731,0.42376404941199686,-0.07490721665062976,0.00021583130286562552,0.0016397083119769344
6.793969849246231,0.0007674866165191269,0.0032830871453849186,0.42012345852879013,-0.08462140883798336,-0.17765709231143864,-0.885850003697096,0.005537085564223197,-0.0010946451146720477,0.4201234585287898,-0.08462140883798337,0.0007061599850216161,0.003556786873363505,0.0054212046279805476,-0.0010544576940087651,-0.17718425959518136,-0.8859444588552692,-0.1776570923114386,-0.8858500036970958,0.0054212046279805476,-0.0010544576940088243,0.0004702987362742787,0.0018711331422465844,0.42031963790952437,-0.0836953214231395,0.005537085564253948,-0.001094645114674047,-0.17718425959518144,-0.8859444588552697,0.42031963790952437,-0.08369532142313955,0.00032469049088956867,0.0016389467492001065
6.884422110552764,0.0009297999838492699,0.0032792087083284896,0.4162725461920466,-0.09327257708957694,-0.19699951187715956,-0.8827027208697656,0.00560696376382405,-0.0011986487062524505,0.4162725461920467,-0.09327257708957702,0.0008612517569323037,0.0035598748599692176,0.005492007899190182,-0.00115324249835971,-0.1965220294291824,-0.8828089142143178,-0.19699951187715967,-0.8827027208697662,0.005492007899190182,-0.001153242498359644,0.0005981723623850652,0.0018625717428185592,0.41649071946672334,-0.09234316642105948,0.005606963763820588,-0.0011986487062539725,-0.19652202942918254,-0.8828089142143178,0.4164907194667233,-0.09234316642105951,0.00043563615635144914,0.001633574597619778
6.974874371859297,0.0010944228366224639,0.0032679719664394096,0.41204107245282223,-0.10176690396640574,-0.21635171009436585,-0.8792108803139963,0.00567740853659236,-0.0013065128935830146,0.41204107245282223,-0.1017669039664058,0.0010186692966233427,0.003556012835519622,0.0055636850090134415,-0.0012559149917488234,-0.21586981066402178,-0.8793290975994887,-0.2163517100943659,-0.8792108803139965,0.005563685009013421,-0.0012559149917491174,0.0007281838932198969,0.001848417893179776,0.4122813768084041,-0.10083527656460872,0.0056774085366242556,-0.0013065128935828433,-0.21586981066402186,-0.8793290975994892,0.41228137680840427,-0.10083527656460875,0.0005485374159531641,0.0016234096601661138
7.06532663316583,0.0012610957077441847,0.003249137241967054,0.40743366916115475,-0.11008884622600092,-0.23571308988871809,-0.8753687153911031,0.00574832022681792,-0.0014184849380898196,0.4074336691611548,-0.1100888462260009,0.0011781770268733103,0.0035449631879494823,0.005636137841778815,-0.0013627423664986484,-0.23522701716789618,-0.875499242480061,-0.235713089888718,-0.8753687153911026,0.005636137841778807,-0.0013627423664988015,0.0008601596050487061,0.0018284625421205196,0.4076961909148272,-0.10915613137539053,0.005748320226773213,-0.0014184849380631135,-0.23522701716789635,-0.8754992424800615,0.4076961909148274,-0.10915613137539056,0.0006632516820098821,0.001608266175087336
7.155778894472362,0.0014295417953744918,0.0032224659327492492,0.4024554897736955,-0.11822282055273511,-0.25508261900067486,-0.8711699890968579,0.005819578636693253,-0.001534816069247955,0.4024554897736955,-0.11822282055273522,0.0013395223293254381,0.003526487925303457,0.005709246526234453,-0.0014739962684112292,-0.2545926280814124,-0.8713131116769189,-0.25508261900067475,-0.8711699890968579,0.005709246526234454,-0.0014739962684112262,0.0009939111447994648,0.0018024940608630737,0.4027402623965878,-0.11729016847274575,0.0058195786367021204,-0.0015348160692525588,-0.2545926280814124,-0.8713131116769189,0.40274026239658783,-0.11729016847274577,0.0007796235816212954,0.001587955302266379
7.2462311557788945,0.001599465885351493,0.0031877214313676635,0.39711223225977105,-0.1261532094359561,-0.2744587898137214,-0.8666080138418008,0.005891042043468291,-0.0016557603771405402,0.39711223225977094,-0.12615320943595598,0.0015024343761676111,0.003500349559098475,0.0057828683829619166,-0.0015899516352671217,-0.2739651476509294,-0.8667640171016829,-0.27445878981372135,-0.8666080138418003,0.005782868382961913,-0.0015899516352669912,0.0011292343523151786,0.0017702989611901553,0.39741923440964977,-0.1252217893133362,0.005891042043442532,-0.001655760377141971,-0.2739651476509295,-0.8667640171016828,0.39741923440964977,-0.1252217893133362,0.0008974838604144649,0.0015622857318683824
7.336683417085427,0.0017705532824132905,0.003144670190109722,0.39141016339865176,-0.13386436951174965,-0.2938395790662367,-0.8616756736534616,0.00596254622634483,-0.0017815735909470628,0.39141016339865203,-0.1338643695117496,0.0016666229671819903,0.003466312138689084,0.005856836881488981,-0.001710885413826752,-0.2933425649430866,-0.8618448419158523,-0.29383957906623687,-0.861675673653462,0.005856836881488994,-0.0017108854138267644,0.0012659080791459078,0.0017316627552340484,0.39173931696921355,-0.1329353673865826,0.005962546226359773,-0.0017815735909548873,-0.29334256494308636,-0.8618448419158521,0.3917393169692134,-0.13293536738658263,0.0010166482796069094,0.0015310644183552538
7.42713567839196,0.0019424687653297225,0.0030930829384987913,0.385356144305452,-0.141340642580769,-0.3132224075368831,-0.8563654489632101,0.006033903514455533,-0.00191251173554437,0.3853561443054527,-0.14134064258076892,0.0018317773848880708,0.0034241424442278583,0.005930960617361188,-0.0018370751465753067,-0.3127223135301521,-0.8565480652727165,-0.3132224075368829,-0.8563654489632099,0.0059309606173611855,-0.001837075146575219,0.0014036930153102066,0.0016863709646544147,0.38570731250093476,-0.14041525907854238,0.006033903514447162,-0.0019125117355398799,-0.3127223135301521,-0.856548065272717,0.3857073125009348,-0.1404152590785424,0.0011369165166242663,0.0014940974534143744
7.517587939698493,0.002114855577594576,0.003032736060395609,0.3789576570011599,-0.1485663695130784,-0.33260409981745265,-0.850669444145397,0.006104901865285821,-0.0020488296581221838,0.3789576570011596,-0.14856636951307836,0.0019975652819995845,0.003373611345298292,0.006005022321077868,-0.001968797419867435,-0.33210123125988217,-0.8508657898097931,-0.3326040998174527,-0.8506694441453967,0.006005022321077847,-0.0019687974198676034,0.0015423305368813323,0.0016342102865477596,0.37933064244615644,-0.1476458174154199,0.0061049018652957875,-0.0020488296580999502,-0.33210123125988245,-0.8508657898097933,0.3793306424461562,-0.1476458174154199,0.0012580710806400243,0.001451191079661175
7.608040201005025,0.0022873344706942408,0.00296341313615928,0.37222283181869675,-0.15552590724774998,-0.3519808443130432,-0.8445794179792179,0.0061753039878870075,-0.002190779418148101,0.3722228318186965,-0.15552590724774973,0.0021636316169921584,0.0033144953315988592,0.006078777912524088,-0.0021063261657665276,-0.3514755202494827,-0.8447897720623081,-0.351980844313043,-0.8445794179792177,0.00607877791252414,-0.002106326165766461,0.001681541588790734,0.0015749699228542417,0.37261737471423384,-0.15461140889480293,0.006175303987856111,-0.002190779418140685,-0.35147552024948264,-0.8447897720623085,0.37261737471423423,-0.15461140889480302,0.0013798762559710349,0.001402152852689675
7.698492462311558,0.0024595028162330956,0.002884906654633449,0.3651604754116599,-0.16220364908969676,-0.3713481536371487,-0.8380868172038667,0.006244846523777648,-0.002338608534120796,0.36516047541165975,-0.1622036490896968,0.0023295976552277836,0.0032465782211287663,0.006151955616307339,-0.0022499308107145916,-0.3708407072709973,-0.8383114559684387,-0.37134815363714857,-0.8380868172038665,0.0061519556163074,-0.0022499308107145764,0.0018210256188324256,0.0015084430792480258,0.3655762517498321,-0.16129643360759785,0.006244846523758409,-0.0023386085341289826,-0.37084070727099744,-0.8383114559684396,0.3655762517498325,-0.16129643360759793,0.0015020770876871072,0.001346792959918183
7.788944723618091,0.0026309338065700306,0.002797019898458744,0.35778009910554937,-0.1685840484985272,-0.39070082559862845,-0.8311828133347828,0.006313239303155483,-0.0024925580813938146,0.35778009910554887,-0.16858404849852707,0.002495060054756943,0.0031696530501470694,0.00622425515522182,-0.0023998742652908225,-0.390191604724793,-0.8314220096342764,-0.3907008255986285,-0.831182813334783,0.006224255155221774,-0.0023998742652908385,0.0019604595805042665,0.001434428638474398,0.3582167189562591,-0.16768534884606232,0.006313239303172847,-0.0024925580813770216,-0.39019160472479314,-0.8314220096342767,0.35821671895625906,-0.16768534884606245,0.0016243984249385416,0.0012849256972947926
7.8793969849246235,0.002801175762105548,0.0026995690048668536,0.35009194730307375,-0.17465164655369406,-0.41003290500837153,-0.8238583429027586,0.006380164693423401,-0.002652860638002949,0.3500919473030737,-0.1746516465536939,0.0026595900576290247,0.003083524147725176,0.006295347040887718,-0.0025564107506881313,-0.4095222724286708,-0.8241123655204713,-0.4100329050083714,-0.8238583429027581,0.006295347040887621,-0.0025564107506881894,0.0020994970239997784,0.0013527330118154283,0.350548953187695,-0.17376269638297356,0.006380164693442521,-0.0026528606379988455,-0.40952227242867106,-0.8241123655204718,0.35054895318769524,-0.17376269638297356,0.0017465440399274633,0.0012163711097618953
7.969849246231156,0.0029697515696801365,0.0025923852029383276,0.3421070256256714,-0.1803911032664433,-0.429337646565584,-0.8161041512679557,0.00644527705899768,-0.002819738075371686,0.342107025625671,-0.18039110326644328,0.002822732809220597,0.0029880093959457465,0.00636487198241466,-0.00271978345923486,-0.42882598048224,-0.8163732642028629,-0.4293376465655838,-0.8161041512679555,0.006364871982414668,-0.0027197834592347894,0.0022377672963378886,0.0012631721707892798,0.3425838909937277,-0.17951313359336715,0.0064452770590067935,-0.0028197380753891286,-0.42882598048224,-0.8163732642028627,0.3425838909937279,-0.17951313359336707,0.0018681958409990363,0.001140956797923179
8.060301507537687,0.0031361582737112325,0.002475317224149371,0.3338371284429916,-0.18578723289167057,-0.4486074791166678,-0.8079108401471511,0.00650820235520932,-0.002993399193437496,0.3338371284429915,-0.18578723289167096,0.0029840068297211316,0.0028829426747280615,0.006432440435685233,-0.002890222048299724,-0.44809517349923306,-0.8081953018456697,-0.4486074791166679,-0.8079108401471513,0.006432440435685259,-0.002890222048299554,0.002374874873255683,0.0011655738593046203,0.33433325626920196,-0.18492146857304725,0.006508202355228629,-0.0029933991934593045,-0.44809517349923317,-0.8081953018456697,0.3343332562692019,-0.18492146857304723,0.001989013200495534,0.0010585198905661724
8.15075376884422,0.0032998668447650533,0.0023482338847676462,0.3252948654111134,-0.19082504337134487,-0.4678339716133045,-0.7992689189743556,0.006568537877218306,-0.003174037202248602,0.3252948654111134,-0.19082504337134484,0.003142903663428376,0.002768176487814673,0.006497632317486059,-0.0030679399692743496,-0.4673214365340923,-0.7995689815077298,-0.46783397161330464,-0.7992689189743558,0.006497632317486115,-0.003067939969274339,0.0025103988470335354,0.0010597799842651258,0.32580958693139467,-0.1899726993867961,0.006568537877224159,-0.0031740372022533306,-0.46732143653409225,-0.7995689815077299,0.3258095869313945,-0.18997269938679603,0.0021086324193901025,0.0009689091836678266
8.241206030150753,0.003460322152544553,0.002211026830410968,0.3164936866091406,-0.19548978001522635,-0.48700780113012415,-0.790168860192012,0.006625852188773849,-0.003361827053781326,0.3164936866091408,-0.1954897800152262,0.003298887732883003,0.0026435847636687615,0.006559996910210063,-0.003253131636051838,-0.48649546306293545,-0.7904847683793492,-0.48700780113012393,-0.7901688601920119,0.006559996910210135,-0.003253131636051723,0.0026438925958458554,0.0009456491800471215,0.3170262602153314,-0.19465205755348552,0.00662585218880799,-0.0033618270537555,-0.48649546306293545,-0.7904847683793488,0.3170262602153315,-0.19465205755348555,0.0022266663516912707,0.0008719874387664792
8.331658291457286,0.003616943169149717,0.0020636134353519925,0.30744790583300735,-0.19976697349390007,-0.5061187233357279,-0.7806011585419049,0.006679685256669168,-0.0035569226315349087,0.3074479058330073,-0.1997669734939003,0.003451396426010837,0.0025090658218559544,0.006619052984111695,-0.0034459694404997084,-0.5056070254124166,-0.7809331490193089,-0.506118723335728,-0.7806011585419049,0.006619052984111693,-0.003445969440499774,0.0027748836614503282,0.0008230595393348417,0.3079975161471979,-0.19894505584475625,0.006679685256608033,-0.003556922631535222,-0.5056070254124169,-0.7809331490193093,0.30799751614719817,-0.19894505584475636,0.0023427042134320218,0.0007676338393452545
8.422110552763819,0.0037691234315618584,0.001905939841651473,0.29817272157550734,-0.2036424921832313,-0.525155545843227,-0.7705563943913835,0.006729548814940058,-0.0037594538079977298,0.2981727215755075,-0.20364249218323158,0.003599840445306211,0.0023645454919496113,0.006674289165099561,-0.0036466006258987654,-0.5246449480624051,-0.770904694628107,-0.525155545843227,-0.7705563943913837,0.006674289165099565,-0.0036466006258988005,0.0029028738629971592,0.0006919114994949182,0.29873847872586584,-0.2028375404382437,0.006729548814932897,-0.0037594538080223863,-0.524644948062405,-0.7709046946281064,0.29873847872586595,-0.20283754043824365,0.0024563116012751283,0.0006557465907411626
8.512562814070352,0.003916231790083434,0.0017379841224432493,0.28868423519334935,-0.20710259885804186,-0.5441061048971206,-0.7600253010912966,0.006774926988892627,-0.0039695233838405244,0.2886842351933496,-0.20710259885804244,0.0037436044485999265,0.002209980368084458,0.006725164576695102,-0.0038551440331318454,-0.5435970842791211,-0.760390128354333,-0.5441061048971205,-0.7600253010912968,0.00672516457669504,-0.0038551440331318024,0.0030273396753943155,0.0005521308699997039,0.28926517431422377,-0.20631574742520603,0.006774926988882626,-0.00396952338386599,-0.5435970842791208,-0.7603901283543331,0.28926517431422394,-0.206315747425206,0.002567030746954249,0.000536245656487605
8.603015075376884,0.004057613471962325,0.0015597595478814728,0.27899946573627044,-0.2101340116858353,-0.562957245881567,-0.7489988363169443,0.00681527720180976,-0.004187203926811238,0.27899946573627066,-0.21013401168583498,0.003882048011033577,0.002045361178031468,0.006771109785003905,-0.004071686738591836,-0.5624502965635991,-0.7493803965860638,-0.5629572458815667,-0.7489988363169443,0.006771109785003835,-0.004071686738591962,0.0031477329008969958,0.0004036719824027546,0.27959454671608874,-0.20936636362564723,0.006815277201823112,-0.004187203926812818,-0.5624502965635989,-0.7493803965860637,0.27959454671608863,-0.20936636362564714,0.002674381033922195,0.00040907561014998767
8.693467336683417,0.00419259148756244,0.0013713179269979,0.2691363608907826,-0.21272396941865748,-0.5816948081598942,-0.737468257292278,0.006850031395075989,-0.004412534532296161,0.2691363608907828,-0.21272396941865762,0.00401450693740008,0.0018707162410973315,0.00681152807526876,-0.004296280607265413,-0.5811904414252244,-0.737866744128103,-0.5816948081598937,-0.7374682572922777,0.006811528075268759,-0.004296280607265371,0.0032634816623695433,0.0002465209400273117,0.2697444683918009,-0.21197659161149915,0.006850031395099754,-0.004412534532287219,-0.5811904414252246,-0.737866744128103,0.2697444683918009,-0.2119765916114993,0.00277785980228033,0.0002742085855476585
8.78391959798995,0.004320468405488534,0.0011727529978347207,0.25911380347288276,-0.2148603006227342,-0.6003036147757151,-0.7254251997405586,0.006878597584451208,-0.00464551753200541,0.2591138034728827,-0.2148603006227338,0.0041402949530033,0.0016861149843051628,0.006845797087705841,-0.004528938789208432,-0.5998023590106406,-0.7258407931089537,-0.600303614775715,-0.7254251997405582,0.006845797087705792,-0.004528938789208433,0.003373991745869165,8.069893992458752e-5,0.259733747247177,-0.21413421878013336,0.0068785975844600005,-0.004645517531991517,-0.5998023590106405,-0.7258407931089532,0.2597337472471768,-0.21413421878013345,0.002876943467814841,0.00013164729921856023
8.874371859296483,0.004440528520855805,0.0009642038286138406,0.24895161289112552,-0.21653149672134792,-0.618767467561171,-0.7128617603418201,0.006900361778729077,-0.004886115182039448,0.2489516128911258,-0.2165314967213478,0.004258705799433869,0.001491671481276194,0.006873270838792032,-0.004769632192616879,-0.6182698681335503,-0.7132946253985599,-0.618767467561171,-0.7128617603418199,0.006873270838792113,-0.004769632192616681,0.003478648318769922,-9.373436517684931e-5,0.24958212841727553,-0.21582769025652357,0.00690036177869859,-0.004886115182034461,-0.6182698681335499,-0.7132946253985595,0.24958212841727564,-0.21582769025652349,0.002971088979343873,-1.857188034353548e-5
8.964824120603016,0.004552040440528285,0.0007458581918057587,0.23867054099486845,-0.21772678855700114,-0.6370691482065272,-0.699770582409137,0.006914690282187819,-0.005134246365832289,0.2386705409948684,-0.21772678855700117,0.004369015759198904,0.001287547973053847,0.00689328215189353,-0.005018285971793423,-0.6365757672597129,-0.700220868249563,-0.6370691482065276,-0.6997705824091374,0.006893282151893496,-0.00501828597179342,0.0035768180474942007,-0.00027667750218171214,0.2393102904595715,-0.21704618533306816,0.006914690282177867,-0.005134246365837636,-0.6365757672597129,-0.7002208682495628,0.23931029045957156,-0.21704618533306805,0.003059735636995594,-0.00017637585587481296
9.055276381909547,0.004654260102604557,0.0005179558645706449,0.22829226172337844,-0.2184362261044991,-0.6551904258465301,-0.6861449444222516,0.00692093240120013,-0.005389783353119675,0.2282922617233781,-0.21843622610449928,0.004470486629814868,0.0010739583249229539,0.0069051455180283725,-0.005274776073470053,-0.6547018420027019,-0.686612782801396,-0.6551904258465302,-0.6861449444222516,0.006905145518028404,-0.005274776073470002,0.0036678516359723566,-0.0004679838524775423,0.22893983537167342,-0.21777969708184103,0.0069209324012102676,-0.005389783353127934,-0.6547018420027017,-0.6866127828013959,0.22893983537167348,-0.21777969708184092,0.0031423072913092064,-0.0003416517475489961
9.14572864321608,0.004746434246261786,0.0002807918083396085,0.2178393539809879,-0.2186507608880014,-0.6731120717113946,-0.6719788509793346,0.006918423569228376,-0.005652548660177226,0.2178393539809881,-0.21865076088800123,0.004562369163758127,0.0008511713681781195,0.00690816040357826,-0.005538925890003188,-0.6726288796785311,-0.6724643550087898,-0.6731120717113946,-0.6719788509793346,0.006908160403578313,-0.005538925890003146,0.0037510868021517017,-0.0006674584135707973,0.21849327185787246,-0.21801911469552807,0.006918423569218131,-0.005652548660160234,-0.6726288796785309,-0.6724643550087899,0.21849327185787265,-0.2180191146955281,0.003218214939882348,-0.0005142439103521859
9.236180904522612,0.0048278043409469,3.471917116350163e-5,0.20733527718272204,-0.2183623305730761,-0.690813881372982,-0.6572671256463146,0.006906488902604234,-0.005922312061053786,0.20733527718272202,-0.218362330573076,0.004643906985505742,0.0006195140709149787,0.006901615016849479,-0.005810503072820209,-0.6903366914500649,-0.6577703884749317,-0.6908138813729823,-0.6572671256463145,0.0069016150168495416,-0.005810503072820158,0.0038258517051591454,-0.0008748546995271644,0.20799399128762822,-0.21775630803137236,0.0069064889026017795,-0.00592231206106178,-0.6903366914500647,-0.6577703884749315,0.2079939912876283,-0.21775630803137233,0.0032868597338006744,-0.0006939510671151918
9.326633165829145,0.004897610979668369,-0.00021984794517595872,0.1968043389448233,-0.21756394512050686,-0.7082747050885175,-0.6420055050994834,0.0068844471925659945,-0.006198787804746902,0.19680433894482321,-0.2175639451205065,0.004714340990759568,0.0003793744774659406,0.006884790539519007,-0.006089216563984081,-0.7078041425639928,-0.6425265985857981,-0.7082747050885178,-0.6420055050994837,0.006884790539519032,-0.006089216563984059,0.0038914688300786576,-0.001089871836672356,0.1974662358187017,-0.21698421374817092,0.00688444719258104,-0.0061987878047438365,-0.7078041425639928,-0.6425265985857979,0.19746623581870157,-0.21698421374817087,0.0033476364014240812,-0.000880523608114452
9.417085427135678,0.004955098732380956,-0.0004824320138386523,0.18627165443638,-0.21624977380331212,-0.7254724867041693,-0.6261907338722373,0.006851615331892391,-0.006481632095051136,0.18627165443638005,-0.21624977380331215,0.0047729142258096,0.00013120435216238747,0.0068569658221439705,-0.006374713907687924,-0.7250091911432692,-0.6267297072573254,-0.7254724867041699,-0.6261907338722378,0.006856965822144038,-0.006374713907687873,0.0039472593306913795,-0.0013121519149386705,0.18693505819896492,-0.21569692234105833,0.006851615331885442,-0.006481632095041694,-0.7250091911432693,-0.6267297072573252,0.1869350581989647,-0.21569692234105817,0.0033999370907478337,-0.0010736611113842665
9.507537688442211,0.004999521449603516,-0.0007524899738151189,0.17576309696267103,-0.21441523230374232,-0.7423843115280832,-0.6098206589324608,0.006807313168812667,-0.006770440894954981,0.17576309696267128,-0.21441523230374254,0.004818877236923795,-0.00012447854004256765,0.006817422535123873,-0.006666578906733272,-0.7419289359452669,-0.6103775375226985,-0.7423843115280832,-0.6098206589324608,0.006817422535123964,-0.006666578906733125,0.00399254782298521,-0.0015412776584832226,0.17642627281486437,-0.21388976529400994,0.006807313168820397,-0.006770440894973532,-0.741928935945267,-0.6103775375226984,0.17642627281486412,-0.2138897652940099,0.003443155625101026,-0.0012730101454667805
9.597989949748744,0.0050301479959768535,-0.0010294115500335686,0.16530523941847508,-0.2120570690246341,-0.7589864635164083,-0.5928943232349128,0.006750868772061014,-0.007064748118254702,0.1653052394184751,-0.21205706902463387,0.004851493870629613,-0.0003870885857812701,0.006765450757796542,-0.006964329691364819,-0.7585396734299951,-0.5934691071048623,-0.7589864635164082,-0.5928943232349128,0.00676545075779657,-0.006964329691364924,0.004026667613809906,-0.0017767704815825958,0.16596639762165513,-0.21155940148747657,0.006750868772091313,-0.007064748118257358,-0.758539673429995,-0.5934691071048628,0.16596639762165508,-0.2115594014874765,0.0034766921592358207,-0.0014781624076234076
9.688442211055277,0.0050462683847527275,-0.001312518070602302,0.15492528633093908,-0.20917344967148355,-0.7752544920360308,-0.575412057315111,0.006681624081890722,-0.007364024272577983,0.15492528633093905,-0.2091734496714833,0.0048700474959518895,-0.0006559709790767619,0.006700354978834281,-0.007267417269053846,-0.7748169644029945,-0.5760047200414187,-0.7752544920360307,-0.5754120573151107,0.0067003549788342736,-0.007267417269053902,0.004048966339800989,-0.002018088997109671,0.15558258667140176,-0.2087039019202981,0.006681624081881273,-0.007364024272572317,-0.7748169644029945,-0.576004720041419,0.15558258667140173,-0.2087039019202982,0.003499958214411599,-0.0016886532659900085
9.77889447236181,0.005047200275149027,-0.0016010618467686044,0.14465099630673223,-0.20576403909004917,-0.7911632883740127,-0.5573755679197302,0.006598940911656541,-0.007667675618137717,0.14465099630673225,-0.20576403909004906,0.004873847609162077,-0.0009304009512400632,0.0066214604708947295,-0.007575224623732419,-0.7907357104039484,-0.5579860553575396,-0.7911632883740131,-0.5573755679197303,0.00662146047089469,-0.007575224623732468,0.004058811981769364,-0.002264628044950333,0.1453025530494051,-0.20532283173322108,0.006598940911652466,-0.007667675618136459,-0.7907357104039482,-0.5579860553575393,0.1453025530494051,-0.20532283173322102,0.0035123820621435994,-0.001903960761460113
9.869346733668342,0.0050322957819234,-0.0018942261843927824,0.13451059480702504,-0.20183007928157862,-0.8066871720563192,-0.5387880226057955,0.006502207256763301,-0.007975043904805084,0.13451059480702504,-0.20183007928157848,0.004862236770569619,-0.0012095836435684851,0.0065281199917506605,-0.007887066431420845,-0.8062702399047275,-0.5394162517196728,-0.8066871720563189,-0.5387880226057954,0.006528119991750632,-0.00788706643142087,0.004055599209284811,-0.002515718306329369,0.1351544821380327,-0.20141732845823537,0.0065022072567550646,-0.00797504390481638,-0.8062702399047271,-0.5394162517196728,0.13515448213803274,-0.20141732845823537,0.0035134144167406752,-0.0021235051359663774
9.959798994974875,0.005000948536829711,-0.002191126087140593,0.12453267729563451,-0.19737446246627938,-0.8217999869178562,-0.5196541291894028,0.0063908438545880126,-0.008285406747463649,0.12453267729563447,-0.19737446246627982,0.004834597811575672,-0.0014926546880536374,0.00641972075307644,-0.008202189455959118,-0.821394404260156,-0.5202999869511775,-0.8217999869178563,-0.5196541291894029,0.006419720753076381,-0.008202189455959179,0.004038755999394552,-0.002770626567015094,0.12516693524832556,-0.19699017536603314,0.006390843854589548,-0.0082854067474748,-0.8213944042601564,-0.5202999869511774,0.1251669352483254,-0.19699017536603305,0.003502534386975288,-0.00234664893670945
10.050251256281408,0.004952600931522618,-0.0024908097085527825,0.1147461029395423,-0.19240179802784202,-0.836475206733201,-0.49998020888674327,0.006264310931038549,-0.008597978694307505,0.11474610293954268,-0.1924017980278421,0.004790361238849821,-0.0017786815559866537,0.00629569158695813,-0.008519773683544356,-0.8360816832221999,-0.5006435512529059,-0.8364752067332005,-0.499980208886743,0.006295691586958144,-0.008519773683544356,0.004007750462546464,-0.0030285566876372605,0.11536874379323685,-0.19204586874554594,0.006264310931039854,-0.008597978694306964,-0.8360816832221998,-0.5006435512529058,0.11536874379323711,-0.19204586874554597,0.0034792556271312897,-0.002572697759772608
10.14070351758794,0.00488675145833097,-0.0027922606034534625,0.10517987918549537,-0.1869184721501441,-0.8506860500739967,-0.47977426196830325,0.006122115057360218,-0.008911913037215263,0.10517987918549515,-0.18691847215014468,0.004729012751391124,-0.0020666657270836447,0.006155510229319302,-0.008838934247870944,-0.8503052996850002,-0.4804549129497279,-0.8506860500739962,-0.4797742619683027,0.006155510229319263,-0.008838934247870947,0.003962097798114781,-0.003288651332765541,0.10578889432049375,-0.18659067792724085,0.006122115057349393,-0.008911913037220944,-0.8503052996850003,-0.48045491294972775,0.1057888943204938,-0.18659067792724096,0.0034431326181125588,-0.0028009016738784103
10.231155778894472,0.004802962059164714,-0.003094400819700232,0.09586303768953437,-0.18093269895397446,-0.8644056039069096,-0.45904602474358763,0.0059638160326561,-0.009226304404218094,0.09586303768953494,-0.18093269895397446,0.004650100775726442,-0.0023555457225040875,0.0059987106291200295,-0.009158724188812369,-0.864038343176108,-0.45974377558026613,-0.8644056039069099,-0.459046024743588,0.005998710629120091,-0.009158724188812294,0.003901367291771834,-0.0035499945019034657,0.09645640487597555,-0.18063269685788935,0.005963816032665639,-0.009226304404216663,-0.8640383431761077,-0.459743775580266,0.09645640487597508,-0.18063269685788932,0.003393766999760199,-0.003030457367728178
10.321608040201005,0.004700865379337169,-0.0033960948586789536,0.08682450223578352,-0.17445456195882358,-0.8776069552874654,-0.43780701671060174,0.005789033697461976,-0.009540192164590606,0.08682450223578293,-0.17445456195882328,0.004553243914945027,-0.002644201033900751,0.005824890182769933,-0.009478138076786585,-0.8772539014507886,-0.43852162516383664,-0.8776069552874654,-0.4378070167106016,0.0058248901827700145,-0.009478138076786548,0.003825189257653098,-0.003811614895157132,0.08740019332778014,-0.17418188605100382,0.005789033697456779,-0.009540192164589269,-0.8772539014507885,-0.4385216251638365,0.08740019332778,-0.1741818860510038,0.0033308138670151625,-0.0032605110512036596
10.412060301507537,0.004580171819191766,-0.0036961545252581973,0.0780929494437573,-0.167496044734305,-0.8902633303430451,-0.41607057674349274,0.005597454576992831,-0.009852564664960727,0.07809294944375746,-0.16749604473430513,0.004438138199018699,-0.0029314569674824304,0.005633716785029627,-0.009796116522254684,-0.8899251993842109,-0.41680176651755424,-0.8902633303430445,-0.4160705767434925,0.005633716785029589,-0.009796116522254672,0.003733261820182824,-0.0040724901340893575,0.07864893844400578,-0.16725010377586483,0.0055974545769928285,-0.009852564664954554,-0.8899251993842111,-0.4168017665175543,0.0786489384440057,-0.16725010377586494,0.003253987935072212,-0.0034901621325815263
10.50251256281407,0.004440676267384669,-0.0039933446659663144,0.06969666322659027,-0.1600710496689487,-0.9023482395759351,-0.3938518872545842,0.005388838246056001,-0.0101623643015851,0.06969666322659042,-0.16007104966894856,0.004304564017343295,-0.0032160904071622384,0.005424935581176219,-0.010111551575382237,-0.9020257441939387,-0.3945993475591709,-0.9023482395759356,-0.3938518872545842,0.005424935581176251,-0.010111551575382209,0.0036253574239388936,-0.004331551844308196,0.0702309346804135,-0.15985112541041133,0.005388838246055363,-0.010162364301566912,-0.9020257441939384,-0.3945993475591708,0.07023093468041339,-0.15985112541041127,0.0031630694725367733,-0.003718467676395187
10.592964824120603,0.004282264397218097,-0.004286389786078542,0.06166338412228456,-0.15219540387185376,-0.9138356283582939,-0.37116798535436774,0.005163023303343836,-0.0104684934186682,0.06166338412228429,-0.15219540387185362,0.0041523926099609225,-0.0034968364843789685,0.005198375300692622,-0.010423293004919806,-0.9135294758661018,-0.3719313706183667,-0.9138356283582939,-0.37116798535436774,0.005198375300692651,-0.010423293004919815,0.0035013289553753367,-0.004587691590859391,0.062173941793993846,-0.15200064997018758,0.0051630233033439854,-0.010468493418660105,-0.9135294758661018,-0.37193137061836673,0.062173941793993694,-0.15200064997018756,0.003057909897229821,-0.00394444763681481
10.683417085427136,0.004104918404823594,-0.0045739815139740755,0.054020154772485694,-0.14388685133536594,-0.9247000313390895,-0.3480377601452886,0.004919932841199061,-0.010769821007183739,0.05402015477248592,-0.14388685133536572,0.003981591991879763,-0.0037723961244630613,0.00495395405057998,-0.010730155428148093,-0.9244109215067214,-0.34881668989124887,-0.924700031339089,-0.3480377601452882,0.004953954050580005,-0.010730155428148168,0.0033611153579436847,-0.004839767640770677,0.054505030551096144,-0.14371629293733,0.004919932841219357,-0.010769821007178913,-0.9244109215067217,-0.34881668989124887,0.05450503055109628,-0.14371629293733001,0.0029384369270855776,-0.004167090845940818
10.773869346733669,0.00390872206858103,-0.004854786864847547,0.04679316296419245,-0.13516503062409588,-0.9349167293426759,-0.3244819354219238,0.0046595792966985855,-0.011065190160855852,0.046793162964192746,-0.13516503062409546,0.0037922321855867985,-0.004041444420803484,0.004691684446874586,-0.011030926245640279,-0.9346453521991641,-0.32527599430937465,-0.9349167293426758,-0.32448193542192355,0.004691684446874653,-0.011030926245640244,0.0032047466224410003,-0.005086612509498383,0.04725042594008798,-0.13501756464991888,0.004659579296690908,-0.011065190160848715,-0.934645352199164,-0.3252759943093747,0.04725042594008796,-0.1350175646499189,0.002804659178456067,-0.004385361719246136
10.864321608040202,0.003693865013607101,-0.00512745723868349,0.040007583775132444,-0.12605143751625794,-0.944461907213728,-0.3005230372104103,0.004382068573200635,-0.011353426229317039,0.04000758377513214,-0.12605143751625808,0.0035844896404616466,-0.00430263976902474,0.004411677966301275,-0.011324374316030651,-0.9442089408236534,-0.30133177525469007,-0.9444619072137279,-0.3005230372104102,0.0044116779663013386,-0.011324374316030623,0.003032348037497184,-0.0053270412299499005,0.04043534942433685,-0.12592583367187002,0.0043820685731833595,-0.011353426229319646,-0.9442089408236531,-0.3013317752546901,0.04043534942433722,-0.1259258336718701,0.002656670106833418,-0.004598207620952037
10.954773869346734,0.003460646070539462,-0.005390638067600933,0.033687422469102744,-0.11656937220561986,-0.9533128109580573,-0.27618534576189757,0.004087603327921902,-0.011633345590900207,0.033687422469103,-0.1165693722056197,0.003358650724543029,-0.0045546336744031165,0.004114148406398012,-0.011609259287470818,-0.9530789191893696,-0.27700827873348516,-0.9533128109580569,-0.27618534576189746,0.004114148406398049,-0.011609259287470787,0.002844143591172267,-0.005559860264695637,0.03408386187752791,-0.11646427474508465,0.004087603327923336,-0.011633345590900101,-0.953078919189369,-0.27700827873348505,0.03408386187752803,-0.1164642747450846,0.002494651190197744,-0.004804566825983389
11.045226130653267,0.003209475627887147,-0.005642979009902811,0.02785535986947775,-0.106743870873678,-0.9614479024471564,-0.2514948318158046,0.003776485328868639,-0.011903764950529586,0.027855359869476997,-0.10674387087367812,0.0031151141840549974,-0.004796081127372792,0.003799414351965574,-0.011884341484507458,-0.9612337327478175,-0.2523314418233378,-0.9614479024471565,-0.25149483181580456,0.0037994143519655336,-0.01188434148450747,0.0026404584237324463,-0.005783876964460521,0.02821870892598088,-0.10665780112625926,0.003776485328864965,-0.011903764950529791,-0.9612337327478172,-0.2523314418233376,0.028218708925980857,-0.10665780112625928,0.0023188742632333616,-0.0050033769825987215
11.1356783919598,0.002940876890784228,-0.00588314457496594,0.022532601993790577,-0.09660162165876487,-0.9688470098998122,-0.22647907716541027,0.0034491167971242797,-0.012163511052602426,0.02253260199379052,-0.09660162165876489,0.002854392479154309,-0.005025651424796098,0.0034679005582984074,-0.012148392232296043,-0.9686531911013972,-0.22732881342361022,-0.9688470098998123,-0.22647907716541038,0.0034679005582984907,-0.012148392232296022,0.0024217202437949786,-0.005997909459530654,0.022861170478235576,-0.09653298132724676,0.0034491167971201797,-0.012163511052602336,-0.9686531911013968,-0.22732881342361014,0.022861170478235732,-0.0965329813272467,0.0021297029214782785,-0.005193583983223787
11.226130653266331,0.002655485972427481,-0.006109825042138076,0.017738735756740103,-0.08617086527752384,-0.9754914723297905,-0.20116717978679635,0.003106000664461584,-0.012411430684547052,0.017738735756739753,-0.08617086527752384,0.0025771119205134285,-0.005242039299248791,0.0031201381772228785,-0.012400204484970477,-0.9753186124965385,-0.2020294595684557,-0.9754914723297906,-0.20116717978679632,0.0031201381772228017,-0.012400204484970482,0.002188459635046206,-0.006200796855921204,0.018030916247570087,-0.0861179405061505,0.003106000664463089,-0.01241143068454607,-0.9753186124965387,-0.20202945956845558,0.018030916247570247,-0.08611794050615049,0.0019275929279017933,-0.00537415112318601
11.316582914572864,0.0023540507649579693,-0.006321747531210255,0.013491592540758154,-0.07548128078996115,-0.9813642761568728,-0.17558964402770788,0.0027477396934316952,-0.012646400834473211,0.013491592540758114,-0.07548128078996111,0.0022840115501960223,-0.005443976205507697,0.002756763770232808,-0.012638603612140607,-0.981212960498777,-0.17646385379677335,-0.9813642761568729,-0.17558964402770788,0.0027567637702328412,-0.01263860361214059,0.0019413091984033547,-0.006391409595531481,0.013745869065973736,-0.07544224699178612,0.0027477396934222124,-0.012646400834473543,-0.9812129604987768,-0.17646385379677335,0.013745869065973696,-0.07544224699178614,0.0017130915702906905,-0.00554406842053172
11.407035175879397,0.002037428554952009,-0.006517687067302437,0.009807121390849506,-0.0645638572369382,-0.9864501822209968,-0.14977825659041635,0.0023750344261674354,-0.012867338857038231,0.009807121390849317,-0.06456385723693804,0.001975940731540611,-0.005630241603214077,0.0023785170736325563,-0.012862458187427497,-0.9863209710893156,-0.15066375331102147,-0.9864501822209968,-0.14977825659041627,0.002378517073632573,-0.012862458187427494,0.0016810014944666494,-0.006568659829602081,0.010022077746757478,-0.06453678466162613,0.002375034426171322,-0.012867338857037898,-0.9863209710893163,-0.15066375331102153,0.01002207774675738,-0.06453678466162618,0.0014868359358403591,-0.005702361962798915
11.49748743718593,0.0017065823723532586,-0.006696477478138669,0.006699273512943891,-0.053450752112993466,-0.9907358415166609,-0.12376594927660703,0.0019886799493867586,-0.01307321249495808,0.006699273512943673,-0.053450752112993494,0.0016538554359347647,-0.005799674067811055,0.0019862375030837154,-0.013070690616125922,-0.9906292684997758,-0.12466206189076365,-0.9907358415166609,-0.12376594927660707,0.00198623750308366,-0.013070690616125924,0.0014083657729201601,-0.006731511648019174,0.006873601176705582,-0.05343361212737127,0.00198867994938767,-0.013073212494958233,-0.9906292684997755,-0.1246620618907636,0.006873601176705725,-0.05343361212737125,0.0012495500890690157,-0.005848103138856642
11.587939698492463,0.0013625760845888716,-0.006857021958831397,0.004179899642912192,-0.04217513786210646,-0.9942098980768578,-0.09758664968703361,0.0015895614848775866,-0.013263049600564408,0.004179899642912177,-0.04217513786210645,0.001318813238845576,-0.005951182058671505,0.0015808594087640948,-0.013262287435853466,-0.9941264682136264,-0.09849268075158162,-0.9942098980768579,-0.09758664968703364,0.001580859408764165,-0.013262287435853453,0.0011243234986693805,-0.006878991003743697,0.004312405207686739,-0.04216580990717585,0.0015895614848792292,-0.013263049600564172,-0.9941264682136266,-0.09849268075158166,0.004312405207686521,-0.04216580990717585,0.0010020411601501273,-0.005980417607277571
11.678391959798995,0.0010065682715126516,-0.0069983031399669295,0.0022586617077973935,-0.030771037793749356,-0.996863077581331,-0.07127512127847263,0.0011786488382290428,-0.013435947402179458,0.002258661707797814,-0.030771037793749432,0.00097196706262729,-0.006083754174119184,0.0011634061168323598,-0.013436309124681195,-0.9968032657080572,-0.0721903487498762,-0.9968630775813311,-0.0712751212784726,0.0011634061168323887,-0.013436309124681198,0.0008298827083031817,-0.007010195172140622,0.002348273773209368,-0.030767316973621683,0.0011786488382301479,-0.013435947402179698,-0.9968032657080571,-0.07219034874987619,0.002348273773209082,-0.030767316973621676,0.0007451943723102249,-0.006098493857110547
11.768844221105528,0.0006398049418124842,-0.007119392498096241,0.000942960024080396,-0.01927315300583004,-0.9986882604406424,-0.04486679436990236,0.0007569897609298864,-0.013591081164329572,0.0009429600240802863,-0.019273153005830036,0.0006145577287759202,-0.006196468727940977,0.0007349828173702239,-0.013591899255903199,-0.9986525096864614,-0.045790473523605824,-0.9986882604406427,-0.044866794369902374,0.0007349828173701803,-0.013591899255903208,0.0005261312542801674,-0.00712430158939454,0.0009887354797685666,-0.019272758256298983,0.0007569897609270628,-0.013591081164329541,-0.9986525096864612,-0.045790473523605844,0.0009887354797685473,-0.019272758256298983,0.0004799670586706407,-0.006201591220874159
11.859296482412061,0.000263611174067316,-0.007219458958621589,0.00023787707321088638,-0.007716682064838775,-0.9996805383121253,-0.018397589853749167,0.00032570230355019765,-0.013727712098680173,0.00023787707321133418,-0.00771668206483877,0.00024790540665623465,-0.006288502490963384,0.00029676838271989824,-0.013728292847209767,-0.9996692587560572,-0.01932895532310434,-0.9996805383121252,-0.01839758985374916,0.0002967683827199331,-0.01372829284720976,0.00021422901735535595,-0.0072205759224891995,0.00023900671923351803,-0.0077172648422250785,0.00032570230355005264,-0.013727712098680164,-0.9996692587560567,-0.019328955323104333,0.00023900671923351557,-0.007717264842225076,0.00020738173993613783,-0.0062890472040497735
11.949748743718594,-0.00012061821166940026,-0.0072977765512509,0.0001461386663191866,0.003862864672832879,-0.9998372532321056,0.008096262498037032,-0.00011403374142060378,-0.013845194394186477,0.00014613866631926542,0.0038628646728328807,-0.0001265999314024259,-0.006359138454225025,-0.000149993777562388,-0.01384482376457196,-0.9998508207332623,0.00715799457975068,-0.9998372532321046,0.008096262498037026,-0.0001499937775623605,-0.01384482376457195,-0.00010460081051750518,-0.007298379235326389,0.00010195212112344063,0.003863711248201116,-0.00011403374142057349,-0.013845194394186475,-0.9998508207332623,0.007157994579750678,0.0001019521211232972,0.003863711248201117,-7.148164583687022e-5,-0.006360284006408485
12.040201005025127,-0.0005114288264315933,-0.007353730995407076,0.0006680930629363644,0.015429854114561275,-0.9991580187959052,0.03457840914311938,-0.0005609861896358272,-0.013942981249816919,0.0006680930629365475,0.01542985411456128,-0.0005075089180761389,-0.006407772486886108,-0.0006040056987501663,-0.01394093105721983,-0.9991967740063683,0.03363403891531015,-0.999158018795905,0.03457840914311939,-0.0006040056987501542,-0.013940931057219828,-0.0004290812509197444,-0.0073571741311381795,0.0005780629173509665,0.015434585731197676,-0.0005609861896366743,-0.013942981249816888,-0.9991967740063681,0.03363403891531015,0.0005780629173505217,0.015434585731197683,-0.00035549425211438545,-0.0064148141266403514
12.13065326633166,-0.0009073175862328278,-0.007386825111482177,0.0018017083483803317,0.026948720813025604,-0.9976447230774446,0.06101255923949348,-0.0010138804738641528,-0.014020629811128185,0.0018017083483799804,0.026948720813025653,-0.0008933239136729865,-0.00643391878188392,-0.0010639255361884596,-0.014016164119379358,-0.9977089706452252,0.06006290082021917,-0.9976447230774441,0.06101255923949347,-0.0010639255361885082,-0.014016164119379355,-0.0007578917324790183,-0.00739652977004651,0.0016654535324352247,0.026959832132707025,-0.0010138804738625631,-0.014020629811128116,-0.9977089706452252,0.060062900820219145,0.0016654535324351282,0.026959832132707046,-0.0006434874466144676,-0.006452244958350215
12.22110552763819,-0.0013067441305517225,-0.007396682975658131,0.0035425881070726816,0.03838415660363087,-0.9953015132477463,0.08736267039889883,-0.0014714101646043124,-0.014077804932359056,0.003542588107072914,0.03838415660363084,-0.0012825106805954276,-0.006437214004919913,-0.0015283787758258878,-0.014070186596357392,-0.9953915212150322,0.08640854954358246,-0.9953015132477464,0.08736267039889882,-0.0015283787758258614,-0.014070186596357401,-0.001089678800543431,-0.007416125681913667,0.0033598764453203374,0.03840417119577835,-0.0014714101646049916,-0.014077804932358998,-0.9953915212150325,0.08640854954358244,0.0033598764453204085,0.03840417119577835,-0.0009342624103542979,-0.006472282302088591
12.311557788944723,-0.0017081426183366436,-0.007383052758448931,0.005884005160897808,0.049701297440070166,-0.9921347621201001,0.11359313165779471,-0.0019322478451975933,-0.0141142817080301,0.005884005160897388,0.04970129744007029,-0.0016735104361633158,-0.006417420087011399,-0.001995969811743606,-0.014102778976518286,-0.9922507615196939,0.11263538339049915,-0.9921347621200999,0.1135931316577947,-0.0019959698117436604,-0.014102778976518272,-0.0014230671802695895,-0.007415754317903986,0.005654755101058713,0.049732757566430766,-0.0019322478451994233,-0.014114281708030226,-0.992250761519694,0.11263538339049917,0.005654755101058421,0.049732757566430794,-0.0012266000661071172,-0.006474732740322203
12.402010050251256,-0.0021099337280846954,-0.007345808215251645,0.008816952878978988,0.060865905423232815,-0.9881530171125862,0.13966894165326596,-0.0023950561781074385,-0.014129946741632374,0.008816952878978962,0.06086590542323284,-0.0020647521038721665,-0.006374425626847111,-0.002465293716035167,-0.014113839835983877,-0.9882952017631663,0.13870840789043032,-0.9881530171125861,0.13966894165326602,-0.0024652937160351443,-0.014113839835983875,-0.0017566710241777113,-0.0073953223087613335,0.00854123438802901,0.060911361753938575,-0.002395056178109501,-0.01412994674163217,-0.9882952017631661,0.13870840789043032,0.008541234388028979,0.06091136175393857,-0.0015192711835058993,-0.0064595048469065774
12.492462311557789,-0.002510536686256167,-0.007284948818311812,0.01233021331410718,0.07184454410876555,-0.983366932370238,0.1655558800808396,-0.0028584989968421103,-0.01412479814315082,0.012330213314107457,0.07184454410876558,-0.0024546645809531897,-0.00630824589579258,-0.002934948024219273,-0.014103385728762005,-0.983535458868773,0.16459340726717514,-0.9833669323702383,0.16555588008083966,-0.002934948024219325,-0.014103385728761991,-0.0020891051731090084,-0.007354850422970823,0.012008247945159034,0.07190654545037076,-0.002858498996841515,-0.014124798143151547,-0.9835354588687731,0.1645934072671751,0.012008247945158973,0.07190654545037074,-0.0018110465058954128,-0.0064266092232887085
12.582914572864322,-0.0029083811498889717,-0.007200598548479694,0.01641044118719659,0.08260474530333974,-0.9777891850233537,0.19122067063545137,-0.0033212522596747724,-0.014098944271277492,0.016410441187196895,0.08260474530333956,-0.002841688842233445,-0.006219021464836516,-0.0034035443614076196,-0.01407154974073851,-0.9779841729308063,0.1902571074112004,-0.9777891850233535,0.19122067063545148,-0.0034035443614075477,-0.014071549740738518,-0.0024189962614992178,-0.0072944722429949226,0.01604260132954973,0.08268582841776784,-0.0033212522596762118,-0.014098944271278226,-0.9779841729308064,0.19025710741120036,0.01604260132954972,0.08268582841776782,-0.0021007067456157032,-0.006376157373378046
12.673366834170855,-0.0033019187757072402,-0.0070930033879763104,0.021042262529760183,0.09311516571549547,-0.971434376770385,0.21663113379216317,-0.0037820147068614554,-0.014052601259345049,0.021042262529759503,0.09311516571549568,-0.003224289706576366,-0.006107015498287434,-0.003869719740549396,-0.01401857875078597,-0.9716559089847386,0.21566732871015656,-0.9714343767703846,0.21663113379216306,-0.003869719740549468,-0.014018578750785963,-0.0027449935038384972,-0.00721443160191477,0.02062906986311373,0.09321784530604649,-0.0037820147068539185,-0.01405260125934504,-0.9716559089847385,0.2156673287101566,0.020629069863113633,0.09321784530604652,-0.00238705229965051,-0.0063083594594778875
12.763819095477388,-0.0036896343167794735,-0.006962527579445695,0.026208386609805647,0.10334573200960376,-0.9643189221589992,0.24175632796544536,-0.004239518072007723,-0.0139860893859216,0.026208386609805182,0.10334573200960392,-0.0036009671023834286,-0.005972609782928327,-0.00433214737398609,-0.013944829465475522,-0.9645670454676906,0.24079312727537916,-0.9643189221589995,0.24175632796544552,-0.004332147373986037,-0.013944829465475572,-0.003065779008843227,-0.007115078845409337,0.025750509791701237,0.10347249094633192,-0.004239518072009076,-0.013986089385920733,-0.9645670454676907,0.2407931272753791,0.025750509791701043,0.10347249094633187,-0.0026689125461006402,-0.006223520991320195
12.85427135678392,-0.0040700561014306675,-0.006809648735626064,0.031889729612307384,0.11326777301594629,-0.9564609250937725,0.26656667778988913,-0.004692536710685459,-0.013899828370743137,0.03188972961230671,0.11326777301594633,-0.003970266682333966,-0.005816299582992269,-0.004789546852871955,-0.013850763314949324,-0.9567356508958218,0.2656049233059876,-0.9564609250937726,0.26656667778988913,-0.004789546852871944,-0.013850763314949296,-0.003380077480869333,-0.00699686600447225,0.03138798123528195,0.11342105286795905,-0.004692536710685584,-0.013899828370743258,-0.9567356508958221,0.2656049233059876,0.03138798123528186,0.11342105286795907,-0.0029451545936725497,-0.006122038530454265
12.944723618090453,-0.004441765764641316,-0.006634951905375821,0.038065548424067536,0.12285413807092879,-0.9478800452210105,0.2910340884858386,-0.0051398965242779315,-0.01379433169392097,0.03806554842406751,0.12285413807092865,-0.004330789654228487,-0.005638687430173921,-0.005240693565261045,-0.013736940315799192,-0.9481813504075872,0.29007461555265357,-0.9478800452210104,0.2910340884858386,-0.005240693565261061,-0.013736940315799195,-0.003686665183929829,-0.006860340982060368,0.03752088128559458,0.12303633000756824,-0.005139896524279408,-0.013794331693917777,-0.9481813504075866,0.29007461555265357,0.03752088128559452,0.12303633000756814,-0.0032146913705509406,-0.006004394497004505
13.035175879396986,-0.004803407120095104,-0.00643912271360218,0.04471358278585615,0.13207930069321694,-0.9385973559288857,0.315132045504889,-0.005580483074274445,-0.013670200050823068,0.044713582785856,0.132079300693217,-0.00468120171391152,-0.00544047597357253,-0.005684427242264039,-0.013604012022039454,-0.9389251839096776,0.31417568107437577,-0.9385973559288849,0.31513204550488877,-0.005684427242264051,-0.013604012022039473,-0.003984378061825348,-0.006706140871636972,0.04412708551988232,0.1322927368098243,-0.005580483074275348,-0.013670200050821524,-0.9389251839096772,0.3141756810743758,0.04412708551988225,0.1322927368098243,-0.0034764889554504295,-0.005871151189499376
13.125628140703517,-0.005153694081931918,-0.006222939707248022,0.05181020402273078,0.14091944703852902,-0.9286351957538107,0.33883569888684445,-0.00601324880137317,-0.01352811406613963,0.05181020402273105,0.1409194470385287,-0.005020240987159871,-0.005222460026614773,-0.006119659542003863,-0.013452713697015091,-0.92898945761547,0.3378832597181603,-0.9286351957538109,0.33883569888684445,-0.006119659542003874,-0.013452713697015074,-0.004272118927712389,-0.006534984536991629,0.0511830961463953,0.14116639215570712,-0.0060132488013737734,-0.0135281140661372,-0.9289894576154701,0.33788325971816036,0.05118309614639522,0.14116639215570706,-0.0037295730715167044,-0.0057229441309245965
13.21608040201005,-0.005491417564809538,-0.005987266046226522,0.059330568545971275,0.14935254881234145,-0.9180170150023239,0.3621219319960263,-0.0064372192833179,-0.013368826398609137,0.0593305685459708,0.14935254881234133,-0.005346724909410572,-0.004985517956539719,-0.006545380602517027,-0.01328385584733539,-0.9183975907843788,0.36117422298769003,-0.918017015002324,0.36212193199602627,-0.0065453806025170935,-0.01328385584733535,-0.004548863657309968,-0.006347664590669245,0.058664194978872375,0.14963519279045223,-0.006437219283316829,-0.01336882639860437,-0.9183975907843788,0.36117422298769003,0.05866419497887241,0.14963519279045223,-0.003973034682683181,-0.005560474868663496
13.306532663316583,-0.005815451313944713,-0.005733040684491201,0.0672487743356467,0.15735842055060986,-0.9067672193829588,0.3849694145354663,-0.006851498486110102,-0.013193153372391317,0.06724877433564672,0.1573584205506099,-0.0056595559946965015,-0.004730602566848404,-0.006960664516597286,-0.013098315264540765,-0.9071739594559808,0.38402722719768795,-0.9067672193829588,0.38496941453546635,-0.006960664516597223,-0.013098315264540803,-0.004813666341242795,-0.0061450389127809465,0.0665445994518091,0.15767887115383872,-0.006851498486103507,-0.013193153372392859,-0.9071739594559808,0.384027227197688,0.06654459945180921,0.15767887115383875,-0.004206034651365841,-0.005384503353269219
13.396984924623116,-0.006124756637042071,-0.005461269186300629,0.0755380186594067,0.16491876139900188,-0.8949110123969598,0.40735863995781635,-0.007255272983276948,-0.013001966272343683,0.0755380186594066,0.16491876139900188,-0.005957726467434488,-0.00445873162435436,-0.007364673703239699,-0.012897025721315798,-0.8953437389273976,0.40642275103095327,-0.8949110123969592,0.4073586399578163,-0.007364673703239729,-0.012897025721315793,-0.0050656633731159815,-0.005928021852974193,0.07479761993386895,0.1652790377358388,-0.007255272983275755,-0.013001966272343665,-0.8953437389273975,0.4064227510309535,0.07479761993386906,0.16527903773583894,-0.004427807435583305,-0.005195840027098959
13.487437185929648,-0.0064183860313706395,-0.005173014322637779,0.08417075535762499,0.17201718172689,-0.8824742381629882,0.42927194759745174,-0.0076478151375826454,-0.012796182438541713,0.08417075535762475,0.17201718172689012,-0.006240321752259735,-0.00417097818030659,-0.007756662171263962,-0.012680968466879647,-0.8829327466489377,0.42834311782072415,-0.8824742381629881,0.4292719475974515,-0.007756662171263924,-0.012680968466879635,-0.005304076470291206,-0.005697575256131777,0.08339581667039432,0.1724192082864408,-0.007647815137574299,-0.012796182438541725,-0.8829327466489371,0.42834311782072404,0.08339581667039447,0.1724192082864408,-0.004637663822016824,-0.004995337749752244
13.577889447236181,-0.006695485718689873,-0.004869386586898163,0.0931188501242525,0.17863921509991174,-0.8694832262527193,0.45069353003577756,-0.008028485257888835,-0.012576756290822654,0.09311885012425261,0.1786392150999117,-0.006506522837337404,-0.003868460829772579,-0.008135977690323948,-0.01245116266093178,-0.86996728711499,0.4497725030686054,-0.8694832262527199,0.4506935300357778,-0.008135977690324002,-0.012451162660931724,-0.005528214643442376,-0.005454699447191242,0.09231115478424207,0.17908481639620483,-0.00802848525789498,-0.012576756290821571,-0.8699672871149898,0.4497725030686055,0.09231115478424178,0.1790848163962047,-0.004834992709003254,-0.004783883683068299
13.668341708542714,-0.006955297118190055,-0.004551534761479001,0.1023537323327014,0.18477231630152002,-0.855964639995124,0.471609426378394,-0.008396732760787357,-0.012344670406847006,0.10235373233270115,0.18477231630152008,-0.006755607545128378,-0.003552334045453061,-0.008502062902484876,-0.012208655877662495,-0.856474000208257,0.47069692787503065,-0.8559646399951238,0.471609426378394,-0.008502062902484802,-0.012208655877662537,-0.005737475148440809,-0.005200424302727293,0.10151515588330727,0.18526321213102073,-0.008396732760798596,-0.012344670406850309,-0.8564740002082574,0.47069692787503065,0.10151515588330716,0.18526321213102076,-0.0050192619692980105,-0.00456239125157571
13.758793969849247,-0.007197157304456636,-0.004220636658131134,0.11184654209280369,0.19040584623755305,-0.8419453295714812,0.4920075022664131,-0.00875209638159136,-0.012100926767855997,0.11184654209280384,0.19040584623755336,-0.006986950761032598,-0.003223778711778563,-0.008854455423456292,-0.011954514801169379,-0.8424797143198398,0.49110423910297124,-0.8419453295714812,0.4920075022664132,-0.00885445542345633,-0.011954514801169379,-0.005931343469594444,-0.004935800526977282,0.11097904495903019,0.19094364754854543,-0.008752096381598627,-0.01210092676786018,-0.8424797143198397,0.49110423910297096,0.11097904495903022,0.19094364754854537,-0.0051900184365426556,-0.004331792285652486
13.84924623115578,-0.007420498510227974,-0.003877890142676217,0.12156827137418581,0.1955310446772165,-0.8274521910747948,0.5118774175637002,-0.009094203492320362,-0.011846538275322489,0.12156827137418559,0.19553104467721621,-0.0072000236844969746,-0.0028839929729202788,-0.009192786996225319,-0.01168981622168099,-0.8280113054194868,0.5109840772151973,-0.8274521910747947,0.5118774175637,-0.009192786996225357,-0.01168981622168092,-0.006109392396515136,-0.004661891238301898,0.12067389140876877,0.1961172500436319,-0.00909420349231996,-0.011846538275325207,-0.8280113054194865,0.5109840772151975,0.12067389140876895,0.19611725004363192,-0.005346887071495996,-0.004093029442198609
13.939698492462313,-0.007624846745966899,-0.0035245045416954276,0.1314898981890769,0.20014099187843098,-0.8125120325505247,0.5312105827564791,-0.009422768594559938,-0.011582520629381478,0.1314898981890772,0.20014099187843104,-0.007394392178828739,-0.0025341834947904675,-0.009516781771049964,-0.011415638428705764,-0.813095563093696,0.530327832820225,-0.8125120325505244,0.531210582756479,-0.00951678177105002,-0.01141563842870577,-0.006271280267769485,-0.00437976395907487,0.13057074317205306,0.2007769845651827,-0.009422768594559844,-0.01158252062938811,-0.8130955630936965,0.5303278328202252,0.1305707431720533,0.20077698456518286,-0.005489569374009864,-0.003847048989726111
14.030150753768845,-0.007809819617138721,-0.003161692515798266,0.1415825129898211,0.20423056021542496,-0.7971514478742943,0.5500001051718346,-0.009737591063924687,-0.01130988464676112,0.14158251298982105,0.2042305602154248,-0.007569714305062488,-0.002175557226590473,-0.009826253794484778,-0.011133053083036516,-0.7977590644082126,0.5491285930322918,-0.7971514478742944,0.5500001051718346,-0.009826253794484818,-0.011133053083036467,-0.0064167484629047,-0.004090483088152406,0.1406407531324248,0.20491760581735663,-0.009737591063919658,-0.011309884646759851,-0.7977590644082126,0.5491285930322916,0.14064075313242477,0.20491760581735669,-0.005617841114430117,-0.0035947940271622092
14.120603015075377,-0.007975123425793354,-0.0027906624696984695,0.15181743659927902,0.20779635697242096,-0.7813966991602266,0.568240726167796,-0.010038552228431896,-0.011029629082292877,0.15181743659927885,0.20779635697242102,-0.007725737131835528,-0.001809313732507366,-0.010121103796367676,-0.01084311763495249,-0.7820280562895434,0.5673810787970446,-0.7813966991602261,0.5682407261677955,-0.010121103796367714,-0.010843117634952465,-0.0065456182304753,-0.0037951029208204245,0.15085529709914483,0.2085356016046805,-0.010038552228428822,-0.011029629082305103,-0.7820280562895433,0.5673810787970447,0.15085529709914508,0.20853560160468065,-0.005731549463660288,-0.0033371981980207877
14.21105527638191,-0.008120549649202445,-0.002412611553417955,0.1621663291527087,0.2108366594906287,-0.7652736082341667,0.5859287504712436,-0.010325611866891316,-0.010742734004706912,0.1621663291527083,0.21083665949062874,-0.007862292917332073,-0.0014366381491221578,-0.010401315367529251,-0.01054686834129392,-0.7659283469607923,0.5850815743583139,-0.7652736082341667,0.5859287504712436,-0.010401315367529205,-0.01054686834129383,-0.006657786943385251,-0.0034946612668300815,0.16118608284313302,0.21162912850460006,-0.010325611866883022,-0.010742734004705488,-0.7659283469607927,0.5850815743583141,0.16118608284313288,0.2116291285046001,-0.005830609604551778,-0.003075179944811181
14.301507537688442,-0.008245970887728622,-0.0020287192979880062,0.17260128968457378,0.21335134385810564,-0.7488074575521769,0.6030619688424707,-0.010598804215562932,-0.010450154763444908,0.172601289684574,0.2133513438581057,-0.007979294761226642,-0.0010586948094053997,-0.010666950622601241,-0.01024531391976862,-0.7494852068132745,0.602227850044101,-0.7488074575521769,0.6030619688424705,-0.010666950622601219,-0.010245313919768621,-0.00675322387437825,-0.0031901737031864857,0.1716052498161443,0.21419794105400222,-0.01059880421556833,-0.010450154763439246,-0.7494852068132741,0.602227850044101,0.17160524981614414,0.21419794105400217,-0.005915000908614128,-0.002809637336002024
14.391959798994975,-0.008351336376940289,-0.0016401419114686073,0.18309494614050986,0.21534180831545147,-0.7320229007989094,0.6196395752288734,-0.010858233570264525,-0.010152816571292328,0.18309494614050967,0.21534180831545124,-0.00807673182428819,-0.0006766215600837146,-0.010918145441876427,-0.009939429865192,-0.7327232789496044,0.6188190795337065,-0.7320229007989092,0.6196395752288731,-0.010918145441876408,-0.009939429865192051,-0.006831965584055281,-0.002882628485043713,0.18208545932890366,0.21624331562028543,-0.010858233570249606,-0.010152816571292503,-0.7327232789496042,0.6188190795337063,0.18208545932890366,0.21624331562028556,-0.00598476276181937,-0.002541443489998494
14.482412060301508,-0.00843666715504965,-0.0012480072527996052,0.19362053573145324,0.21681089251698807,-0.7149438832647603,0.6356620795372182,-0.011104069570026411,-0.009851609714794696,0.19362053573145319,0.21681089251698804,-0.008154664211206393,-0.0002915247860138559,-0.011155104383893083,-0.009630153439538455,-0.7156664994982662,0.6348557527350348,-0.7149438832647602,0.6356620795372181,-0.011155104383893095,-0.0096301534395385,-0.006894111011549136,-0.0025729821256269946,0.1925999751006095,0.21776797009483767,-0.011104069570013288,-0.009851609714800143,-0.7156664994982662,0.6348557527350348,0.1925999751006097,0.21776797009483775,-0.006039990121109699,-0.0022714426026753734
14.57286432160804,-0.00850205097449358,-0.0008534104849901825,0.20415197567200202,0.21776279373942647,-0.6975935719767096,0.6511312171065394,-0.011336542244393255,-0.0095473853940598,0.2041519756720019,0.21776279373942628,-0.00821321760848083,9.552485687584376e-5,-0.011378095356643084,-0.009318379336044671,-0.6983380276756418,0.6503395853538634,-0.6975935719767092,0.6511312171065391,-0.011378095356643057,-0.009318379336044624,-0.00693981635428488,-0.002262155644758895,0.2031227342173612,0.2187759804997056,-0.011336542244380519,-0.009547385394058807,-0.6983380276756415,0.6503395853538633,0.20312273421736138,0.21877598049970567,-0.006080828880011148,-0.0020004465815503516
14.663316582914574,-0.008547637041736165,-0.0004574104022944764,0.21466392445742682,0.21820298107045863,-0.6799942954465398,0.666049855904535,-0.011555936902046093,-0.009240952183405083,0.21466392445742677,0.21820298107045882,-0.008252577764194184,0.00048349600929866306,-0.01158744413018877,-0.009004956007137833,-0.6807601854602343,0.6652734261777954,-0.6799942954465398,0.6660498559045349,-0.011587444130188702,-0.009004956007137892,-0.006969289818266643,-0.0019510314754387409,0.21362840864950422,0.2192726955392378,-0.011555936902045517,-0.00924095218340808,-0.680760185460235,0.6652734261777957,0.21362840864950408,0.2192726955392379,-0.006107471117159882,-0.0017292322732331573
14.753768844221106,-0.008573630663527471,-6.10264146878233e-5,0.2251318339326339,0.2181381085407207,-0.6621674928024177,0.6804219024016255,-0.011762588932870906,-0.00893307309592615,0.22513183393263428,0.21813810854072077,-0.008272984890388507,0.0008713994956653509,-0.011783528767353895,-0.008690682636870926,-0.662954406646072,0.6796611630290327,-0.6621674928024175,0.6804219024016251,-0.011783528767353882,-0.008690682636870938,-0.006982786314387673,-0.0016404510091029912,0.22409245757693658,0.21926465005994594,-0.011762588932881452,-0.008933073095925613,-0.6629544066460717,0.6796611630290323,0.2240924575769364,0.21926465005994594,-0.006120150296211977,-0.0014585392716021182
14.84422110552764,-0.008580287871647236,0.00033476383486217616,0.2355319924915029,0.21757592808639295,-0.6441336719859357,0.6942522070011007,-0.011956878589057585,-0.008624463227574805,0.2355319924915029,0.21757592808639312,-0.00827472806191067,0.001258290557187861,-0.011966774042301799,-0.008376306730837666,-0.6449411949583266,0.6935076282644626,-0.6441336719859357,0.6942522070011011,-0.011966774042301835,-0.00837630673083765,-0.006980602169598673,-0.001331212752727176,0.23449117085675436,0.2187594783061341,-0.011956878589043313,-0.008624463227582752,-0.6449411949583266,0.6935076282644626,0.23449117085675425,0.21875947830613401,-0.006119136479598525,-0.0011890682779343278
14.934673366834172,-0.008567910091041367,0.0007290262491332006,0.24584155981647782,0.21652520314865104,-0.6259123766265585,0.7075464698231237,-0.012139225804317264,-0.008315787950457482,0.24584155981647776,0.21652520314865087,-0.008258139678174245,0.001643270464401863,-0.012137645909392508,-0.008062522290194534,-0.6267400908439824,0.7068185046209869,-0.6259123766265585,0.7075464698231236,-0.012137645909392508,-0.008062522290194558,-0.0069630699146049175,-0.0010240710648081247,0.24480170403929005,0.2177658277781554,-0.012139225804314832,-0.008315787950463296,-0.6267400908439826,0.7068185046209868,0.2448017040392899,0.2177658277781554,-0.006104731611980922,-0.0009214799853945392
15.025125628140703,-0.008536838909169099,0.0011208714895882686,0.25603859362631926,0.21499562363220118,-0.6075221611487486,0.720311147556865,-0.012310085103022438,-0.008007661620175096,0.2560385936263189,0.21499562363220093,-0.008223590046589345,0.0020254875477158916,-0.012296646077068233,-0.007749968531447339,-0.6083696464936302,0.7196002321206058,-0.6075221611487486,0.7203111475568648,-0.012296646077068246,-0.007749968531447289,-0.006930553202363295,-0.0007197354324517099,0.2550021053969372,0.21629327441654078,-0.012310085103021192,-0.008007661620177279,-0.6083696464936302,0.7196002321206058,0.25500210539693713,0.21629327441654092,-0.0060772649226542245,-0.0006563944539001243
15.115577889447236,-0.008487450996724811,0.0015094556611371115,0.2661020689452675,0.21299772286012014,-0.5889805736231551,0.7325533620105902,-0.012469940643546796,-0.0077006467587738495,0.2661020689452676,0.21299772286012017,-0.008171482138622435,0.0024041376885803496,-0.012444306733735729,-0.00743922910995088,-0.5898474086065075,0.7318599166653672,-0.5889805736231551,0.7325533620105902,-0.012444306733735713,-0.007439229109950815,-0.006883441904171931,-0.0004188702482307641,0.2650713354757473,0.2143522397505039,-0.012469940643542093,-0.007700646758773694,-0.5898474086065074,0.7318599166653668,0.26507133547574735,0.21435223975050394,-0.006037088489382987,-0.0003943909360372526
15.206030150753769,-0.008420153222990272,0.0018939805124923463,0.2760118904401577,0.2105427970777265,-0.5703041458414838,0.7442808109056198,-0.01261930143375204,-0.007395253671790316,0.2760118904401577,0.2105427970777262,-0.008102246561718117,0.0027784643166024556,-0.012581185464956438,-0.007130831802576247,-0.5711899083790748,0.7436052408684576,-0.5703041458414837,0.7442808109056198,-0.012581185464956452,-0.007130831802576265,-0.006822147422782506,-0.000122095043064787,0.2749892797134003,0.21195391056509444,-0.012619301433763894,-0.007395253671794817,-0.5711899083790746,0.7436052408684574,0.27498927971340037,0.21195391056509438,-0.005984572999208178,-0.00013600811715360058
15.296482412060302,-0.008335378001227346,0.002273693196467457,0.28574889839428785,0.2076428279756685,-0.5515083900739945,0.7555016813782449,-0.01275869674876411,-0.00709194045741938,0.2857488983942877,0.20764282797566855,-0.008016336782878043,0.0031477579595785617,-0.012707860393838194,-0.0068252486035909445,-0.55241265817665,0.7548443775859015,-0.5515083900739944,0.7555016813782446,-0.012707860393838175,-0.006825248603590949,-0.006747098254856096,0.00017001486998961595,0.2847367546897242,0.20911016155890969,-0.012758696748761263,-0.007091940457435629,-0.55241265817665,0.7548443775859015,0.28473675468972426,0.20911016155890966,-0.005920103735796151,0.00011825527418901855
15.386934673366833,-0.008233578893713032,0.0026478856343948223,0.2952948688991373,0.20431040862293384,-0.5326078019580253,0.7662245665749854,-0.012888671775236811,-0.006791113364225256,0.2952948688991375,0.204310408622934,-0.007914224632546091,0.003511355394065179,-0.012824925569425511,-0.006522896187342574,-0.5335301543370231,0.7655859065346704,-0.5326078019580252,0.7662245665749855,-0.01282492556942558,-0.006522896187342457,-0.006658735828330752,0.00045692738656903827,0.29429550858850406,0.20583348138495433,-0.012888671775254957,-0.006791113364227081,-0.5335301543370232,0.7655859065346704,0.29429550858850406,0.20583348138495433,-0.0058440768161236,0.00036793952489835077
15.477386934673365,-0.008115226498485641,0.0030158935317721623,0.30463250884833254,0.20055867312498996,-0.5136158689643588,0.7764583856520119,-0.013009783499692928,-0.006493127454975793,0.30463250884833254,0.20055867312499018,-0.007796396110840203,0.003868638443903178,-0.012932986621312526,-0.006224136691776124,-0.5145558855532959,0.7758387343084552,-0.5136158689643586,0.7764583856520115,-0.012932986621312498,-0.006224136691776093,-0.006557510633996666,0.0007381522816132025,0.3036482164529802,0.20213690239184817,-0.01300978349969276,-0.006493127454985502,-0.5145558855532958,0.7758387343084553,0.30364821645298046,0.20213690239184834,-0.0057568956942613235,0.0006126227062701077
15.567839195979898,-0.007980804634991078,0.0033770950873010944,0.3137454463138641,0.19640123025149273,-0.4945450838946051,0.7862123074197628,-0.013122596853111457,-0.006198287534909155,0.3137454463138642,0.19640123025149261,-0.007663347512024712,0.00421903247316887,-0.013032656692574706,-0.0059292787779282275,-0.49550234628950085,0.7856120180325793,-0.49454508389460494,0.7862123074197624,-0.013032656692574661,-0.005929278777928173,-0.006443878664799407,0.0010132396038415336,0.31277847081327637,0.1980339343118892,-0.013122596853116581,-0.006198287534925523,-0.4955023462895005,0.785612018032579,0.3127784708132764,0.19803393431188912,-0.005658967944229572,0.0008519191934506999
15.658291457286431,-0.007830806839828095,0.003730909440304621,0.3226182168734379,0.19185210121241697,-0.4754069628758128,0.7954956778094328,-0.013227681118680423,-0.005906849303889824,0.32261821687343817,0.19185210121241686,-0.007515581877592643,0.004562004618478192,-0.013124552657602607,-0.005638578922291262,-0.4763810546955174,0.7949150928351703,-0.4754069628758127,0.7954956778094325,-0.013124552657602501,-0.005638578922291486,-0.006318298171198933,0.001281777836551326,0.32167076825318774,0.19353850207693277,-0.013227681118676091,-0.005906849303890519,-0.47638105469551695,0.7949150928351703,0.32167076825318774,0.1935385020769327,-0.0055507023295044665,0.0010854779744921533
15.748743718592964,-0.007665733178998924,0.004076794897076761,0.3312362464411778,0.18692566170145106,-0.45621206733730196,0.8043179512792887,-0.013325606604508511,-0.00561902069449771,0.331236246441178,0.18692566170145097,-0.0073536057833877445,0.00489706180354634,-0.013209291626498766,-0.005352242901176313,-0.45720257450651475,0.8037574032529822,-0.45621206733730146,0.8043179512792885,-0.013209291626498736,-0.005352242901176149,-0.006181226736309339,0.0015433918651235456,0.33031049246735833,0.1886648878830463,-0.013325606604490278,-0.0056190206945161605,-0.4572025745065141,0.803757403252982,0.33031049246735883,0.18866488788304633,-0.0054325061624282776,0.0013129807841026513
15.839195979899497,-0.007486087379462263,0.004414246974981603,0.3395858311327034,0.18163658827115006,-0.4369700294780472,0.8126886262259695,-0.013416941580121786,-0.005334963360264529,0.33958583113270363,0.18163658827114973,-0.007177926461866178,0.005223748576491427,-0.013287487733333516,-0.005070427428778843,-0.4379765404354513,0.8121484386374606,-0.4369700294780475,0.8126886262259695,-0.01328748773333357,-0.00507042742877883,-0.006033118670511874,0.0017977407891986014,0.3386838943388996,0.18342767757055067,-0.013416941580109925,-0.005334963360263836,-0.4379765404354509,0.8121484386374604,0.33868389433889967,0.18342767757055062,-0.005304782953250066,0.0015341400977495296
15.92964824120603,-0.0072923742778282594,0.0047427963020935425,0.34765411467080465,0.175999809055814,-0.4176895807600269,0.8206171844190994,-0.013502249470704235,-0.005054794280603098,0.34765411467080437,0.1759998090558139,-0.006989049256882215,0.005541644807688601,-0.013359749201843624,-0.004793241913565074,-0.4187116865941749,0.8200976725797785,-0.4176895807600268,0.8206171844190989,-0.013359749201843633,-0.004793241913565107,-0.005874422721818118,0.0020445156148427854,0.34677806954296686,0.17784171133748122,-0.013502249470704318,-0.0050547942806079245,-0.4187116865941746,0.8200976725797784,0.3467780695429673,0.1778417113374812,-0.005167930345168621,0.0017486970179715518
16.020100502512562,-0.007085097583033212,0.00506200640521789,0.355429063810532,0.17003045881510526,-0.3983785829926643,0.8281130344365543,-0.013582086300981027,-0.0047785874522463115,0.3554290638105321,0.17003045881510537,-0.0067874754052411656,0.005850363283409712,-0.013426675678962854,-0.004520750300622241,-0.3994158775083513,0.8276145063325886,-0.3983785829926642,0.8281130344365537,-0.013426675678962836,-0.004520750300622069,-0.0057055800953803824,0.002283436859219877,0.3545809341545842,0.17192203876152307,-0.013582086300976154,-0.004778587452243891,-0.3994158775083513,0.8276145063325885,0.3545809341545847,0.1719220387615231,-0.005022338329483941,0.0019564190812540174
16.110552763819094,-0.006864757944308611,0.005371471418669373,0.3628994422331783,0.16374383823403932,-0.3790440616052949,0.8351854590425188,-0.013656998377715526,-0.004506375639778768,0.36289944223317844,0.16374383823403943,-0.006573700136683333,0.006149547226475711,-0.013488855823963154,-0.004252972970815162,-0.3800961413231998,0.83470821617098,-0.37904406160529464,0.8351854590425183,-0.013488855823963114,-0.004252972970815241,-0.00552702277321265,0.00251425209742062,0.3620811987098629,0.165683878067999,-0.013656998377716556,-0.004506375639781991,-0.3800961413231997,0.8347082161709801,0.3620811987098632,0.16568387806799903,-0.0048683877326025716,0.0021570980139640882
16.201005025125628,-0.006631851317487255,0.005670813742253259,0.3700547833281748,0.1571553773827327,-0.35969224073749256,0.8418435664207211,-0.013727520197780068,-0.004238152160332056,0.37005478332817476,0.15715537738273266,-0.00634821108189915,0.006438867774561645,-0.013546865138856943,-0.003989888670786761,-0.3607587048298882,0.8413879046053822,-0.35969224073749256,0.8418435664207212,-0.013546865138856912,-0.003989888670786876,-0.005339172123340624,0.002736733478233971,0.36926834113949697,0.15914257954921493,-0.013727520197783363,-0.004238152160337047,-0.360758704829888,0.8413879046053819,0.36926834113949686,0.15914257954921487,-0.004706448964907229,0.002350547459373883
16.29145728643216,-0.006386867615626943,0.00595968167295876,0.3768853622509734,0.15028060321207215,-0.34032857981062375,0.8480962451507165,-0.013794172567890063,-0.003973872682025667,0.37688536225097347,0.15028060321207218,-0.006111486976570735,0.006718021441075612,-0.013601264024060809,-0.0037314364510283027,-0.3414090299759518,0.8476624553345863,-0.34032857981062353,0.848096245150716,-0.013601264024060863,-0.003731436451028304,-0.005142437786213748,0.0029506752328292292,0.3761325789625633,0.15231359301308345,-0.013794172567893082,-0.00397387268202214,-0.34140902997595196,0.8476624553345861,0.3761325789625634,0.15231359301308348,-0.004536881020881437,0.0025366007003245253
16.381909547738694,-0.006130289637069949,0.006237747037173457,0.3833821676139341,0.14313511093862039,-0.32095781127761147,0.8539521227954543,-0.013857460918667231,-0.0037134570153923583,0.3833821676139342,0.14313511093862047,-0.005863996648308238,0.006986727581909488,-0.013652596042120142,-0.003477517592386732,-0.3220518515566648,0.853540491807427,-0.32095781127761164,0.8539521227954546,-0.01365259604212011,-0.0034775175923867337,-0.00493721682523062,0.0031558911976257353,0.3826648410978414,0.1452124391161481,-0.013857460918671422,-0.003713457015393088,-0.32205185155666466,0.8535404918074269,0.38266484109784105,0.14521243911614798,-0.004360030717525061,0.0027151083931450525
16.472361809045225,-0.005862592251407993,0.006504702838604055,0.389536873136864,0.13573453915364037,-0.30158397928091907,0.8594195279532298,-0.01391787379915838,-0.003456790885098528,0.38953687313686397,0.13573453915364042,-0.005606198272524544,0.007244725890236442,-0.013701386371412995,-0.003227997504387615,-0.30269121581733155,0.859030339246436,-0.3015839792809192,0.8594195279532297,-0.01370138637141292,-0.0032279975043879145,-0.0047238931276049915,0.0033522123700453,0.3888567396194478,0.1378546844174103,-0.013917873799143068,-0.0034567908850980456,-0.30269121581733127,0.8590303392464359,0.38885673961944783,0.1378546844174103,-0.004176232159959177,0.002885936333589065
16.56281407035176,-0.005584241837098944,0.006760260946641479,0.39534180955400633,0.12809454847612659,-0.2822104789811813,0.864506455616138,-0.013975881531381094,-0.003203727665331964,0.3953418095540062,0.12809454847612664,-0.005338538882888038,0.007491773936449001,-0.013748140431295268,-0.0029827075816595662,-0.28333051972883705,0.8641399899758688,-0.28221047898118157,0.8645064556161386,-0.01374814043129535,-0.0029827075816595164,-0.004502837041501502,0.0035394845134696633,0.39470054175405744,0.13025591997451608,-0.013975881531392247,-0.003203727665338111,-0.283330519728837,0.8641399899758685,0.39470054175405705,0.1302559199745159,-0.00398580641987218,0.003048963264580836
16.65326633165829,-0.005295695951203442,0.007004149835705356,0.40078993704590876,0.12023080355841895,-0.2628400963499517,0.8692205356699473,-0.014031935010994936,-0.002954090071384426,0.40078993704590865,0.12023080355841921,-0.005061454121805502,0.007727644768973766,-0.013793342659909173,-0.0027414470074872826,-0.2639725507298517,0.8688770718891583,-0.2628400963499518,0.8692205356699477,-0.013793342659909206,-0.002741447007487164,-0.004274405235331736,0.003717565825514804,0.4001891423884627,0.12243174329222313,-0.01403193501098298,-0.0029540900713924782,-0.26397255072985154,0.8688770718891585,0.4001891423884628,0.12243174329222299,-0.003789061415279626,0.003204078744551006
16.743718592964825,-0.0049974032215098435,0.007236112393432341,0.40587481843725837,0.11215895824431897,-0.24347504824987587,0.8735690043664662,-0.014086464633940128,-0.0027076717971996067,0.4058748184372589,0.1121589582443189,-0.004775368216481442,0.00795212459210659,-0.013837455425934739,-0.002503984496118026,-0.2446195267588935,0.8732488198870791,-0.2434750482498758,0.8735690043664661,-0.013837455425934758,-0.0025039844961180216,-0.004038940765288198,0.0038863246817478015,0.4053160373291721,0.11439774342450879,-0.014086464633936598,-0.0027076717971998556,-0.24461952675889342,0.873248819887079,0.40531603732917193,0.11439774342450881,-0.0035862919781515174,0.003351181081262581
16.834170854271356,-0.004689803445390804,0.007455903808457311,0.4105905933761792,0.10389464367370789,-0.22411702265371464,0.8775586785986997,-0.01413987933393511,-0.0024642390941693685,0.4105905933761795,0.10389464367370795,-0.004480694166382314,0.008165010527428459,-0.0138809180558494,-0.002270059967853636,-0.22527313642758107,0.8772620501170298,-0.2241170226537145,0.8775586785986995,-0.013880918055849336,-0.002270059967853716,-0.0037967733375729846,0.004045637465203394,0.4100752975300798,0.10616948902556085,-0.014139879333939636,-0.0024642390941620506,-0.22527313642758104,0.8772620501170297,0.41007529753007976,0.10616948902556096,-0.003377780098064601,0.0034901753440335437
16.92462311557789,-0.004373327883483769,0.007663289548121163,0.41493195368638286,0.09545345912380682,-0.20476721888008284,0.8811959328109628,-0.014192565713376322,-0.002223532287014023,0.4149319536863827,0.09545345912380676,-0.004177834128347003,0.008366108478108909,-0.013924145958680528,-0.002039386153214046,-0.20593457921283792,0.8809231368457188,-0.20476721888008292,0.8811959328109624,-0.013924145958680526,-0.002039386153214174,-0.0035482197522866098,0.00419538649049488,0.4144615444802599,0.09776251914100448,-0.014192565713366778,-0.002223532287006034,-0.20593457921283792,0.8809231368457187,0.41446154448025996,0.09776251914100442,-0.0031637953299494923,0.00362097146125744
17.015075376884422,-0.004048399735256149,0.007858043437481602,0.41889412006116944,0.08685096537520066,-0.1854263877483688,0.8844866783803683,-0.014244887250951748,-0.0019852672247615906,0.4188941200611696,0.08685096537520057,-0.0038671799861765216,0.008555231094468211,-0.013967529830871628,-0.0018116501245378227,-0.18660460557041314,0.8842379918017609,-0.18542638774836898,0.8844866783803684,-0.013967529830871628,-0.0018116501245379682,-0.003293584516576908,0.004335458029989149,0.41846992692160345,0.08919233652861987,-0.014244887250973271,-0.0019852672247584213,-0.18660460557041303,0.8842379918017603,0.418469926921603,0.08919233652861974,-0.00294459535462588,0.0037434824087976735
17.105527638190953,-0.0037154347834584033,0.008039945844809758,0.4224728202476246,0.07810268039021294,-0.16609487157796518,0.8874363453123768,-0.01429718357211028,-0.0017491366675367775,0.4224728202476253,0.07810268039021298,-0.003549114092121693,0.008732195857381088,-0.01401143492459096,-0.0015865147552986468,-0.16728355689476057,0.8872120458309142,-0.1660948715779649,0.8874363453123763,-0.014011434924590921,-0.001586514755298738,-0.003033160615333737,0.0044657404483935655,0.42209609904533685,0.08047440329715934,-0.014297183572101146,-0.0017491366675290807,-0.1672835568947606,0.8872120458309144,0.422096099045337,0.08047440329715946,-0.0027204266819375773,0.003857622496839163
17.195979899497488,-0.0033748421974479207,0.008208781983851738,0.42566426885024405,0.06922407709176873,-0.14677264397772152,0.8900498661011752,-0.014349769765392529,-0.0015148116098106857,0.42566426885024405,0.0692240770917687,-0.003224010168429836,0.008896823280120087,-0.014056200363665436,-0.001363620109179158,-0.14797140527109487,0.8898502327147894,-0.14677264397772152,0.8900498661011752,-0.014056200363665446,-0.0013636201091791656,-0.0027672304284717176,0.004586122451196796,0.4253362002975056,0.07162413865241896,-0.014349769765400418,-0.001514811609807392,-0.14797140527109498,0.8898502327147895,0.4253362002975057,0.071624138652419,-0.0024915254861500075,0.00396330575786018
17.28643216080402,-0.0030270254830057513,0.008364340336042837,0.42846514886588105,0.06023058303239278,-0.1274593493903267,0.8923316616152045,-0.014402935733398478,-0.0012819425442885484,0.4284651488658805,0.06023058303239283,-0.0028922343577653165,0.009048935240465256,-0.014102138492238842,-0.0011425847625582272,-0.1286677929842519,0.8921569750133204,-0.12745934939032671,0.8923316616152048,-0.014102138492238854,-0.0011425847625580934,-0.002496066784591778,0.004696491451698405,0.42818683690607984,0.06265691854110253,-0.014402935733400407,-0.0012819425442926321,-0.12866779298425202,0.8921569750133208,0.42818683690607995,0.0626569185411025,-0.002258118564907381,0.004060444441483178
17.376884422110553,-0.0026723835691177954,0.008506411201258062,0.4308725950459528,0.05113758174504048,-0.1081543423732052,0.8942856288790215,-0.014456945562933615,-0.0010501606703752224,0.43087259504595277,0.05113758174504039,-0.002554146412076782,0.009188353439324656,-0.01414953424222847,-0.0009230070655450721,-0.10937207176588074,0.8941361718022266,-0.10815434237320523,0.8942856288790215,-0.014149534242228472,-0.0009230070655452049,-0.0022199341415659827,0.004796732060836305,0.43064506522651425,0.05358807698504605,-0.014456945562931811,-0.0010501606703795532,-0.10937207176588072,0.8941361718022266,0.4306450652265143,0.05358807698504603,-0.0020204244130756564,0.004148947618585877
17.467336683417084,-0.0023113120218767633,0.008634785380471195,0.43288417916741007,0.04196041556991272,-0.08885672661249469,0.895915130634615,-0.0145120369040889,-0.000819079053236999,0.4328841791674107,0.041960415569912694,-0.0022101010101105907,0.009314898002251028,-0.014198644506739043,-0.00070446634805485,-0.09008334177647244,0.8957911881885258,-0.08885672661249466,0.8959151306346144,-0.01419864450673904,-0.0007044663480549009,-0.0019390898853120073,0.004886724703695259,0.43270837698814074,0.04443290890076237,-0.014512036904096814,-0.0008190790532347136,-0.09008334177647238,0.895791188188526,0.43270837698814074,0.044432908900762395,-0.0017786544036859132,0.004228719899574617
17.55778894472362,-0.0019442043764789565,0.008749252998134078,0.43449789728076654,0.03271438975404489,-0.0695653936797399,0.897222986578155,-0.01456842034550479,-0.0005882937404324106,0.4344978972807668,0.032714389754044865,-0.0018604491944331772,0.009428386219067539,-0.014249697507645395,-0.000486524078653628,-0.07080049033182616,0.8971248465000548,-0.0695653936797399,0.8972229865781547,-0.014249697507645372,-0.00048652407865389823,-0.0016537857386863233,0.004966344366383137,0.43437468651065647,0.035206674201842376,-0.014568420345520314,-0.0005882937404315028,-0.07080049033182614,0.8971248465000548,0.4343746865106567,0.035206674201842376,-0.0015330140688901768,0.0042996602676388185
17.64824120603015,-0.0015714535775238157,0.008849602462502406,0.435712158991624,0.02341477762309718,-0.0502790615521893,0.8982114661816577,-0.014626278779259977,-0.00035738484478029257,0.43571215899162385,0.023414777623097176,-0.0015055399193639404,0.00952863143120113,-0.014302892146742397,-0.0002687249850549494,-0.05152223039482735,0.8981394190584131,-0.05027906155218935,0.8982114661816575,-0.014302892146742411,-0.00026872498505476017,-0.0013642692730287845,0.00503545947695673,0.4356423199479809,0.025924602984329415,-0.014626278779250441,-0.00035738484477901007,-0.05152223039482737,0.8981394190584132,0.43564231994798125,0.025924602984329418,-0.0012837044745672122,0.004361661033415708
17.738693467336685,-0.0011934535212454423,0.008935619579017883,0.4365257788208973,0.014076826627220406,-0.030996312927054227,0.8988822830233357,-0.014685766741631391,-0.00012591760149894044,0.4365257788208972,0.014076826627220478,-0.0011457217017019762,0.00961544206869681,-0.014358397331008306,-5.0598146182195505e-5,-0.03224713886288165,0.89883662245905,-0.03099631292705419,0.8988822830233355,-0.01435839733100831,-5.0598146182053494e-5,-0.001070785515401827,0.005093930924172002,0.43651000660587097,0.016601901597629275,-0.01468576674162152,-0.0001259176014989617,-0.032247138862881684,0.8988366224590505,0.4365100066058714,0.016601901597629285,-0.0010309236819825377,0.0044146069112435595
17.829145728643216,-0.0008106006898749373,0.009007086811940054,0.4369379696791453,0.0047157650651059825,-0.011715633367709685,0.8992365905649116,-0.014747009726758848,0.00010655658928278446,0.43693796967914533,0.004715765065106046,-0.000781344366474581,0.009688620844991148,-0.014416351263773303,0.00016834193330407722,-0.01297369468901776,0.8992176132966772,-0.011715633367709638,0.8992365905649115,-0.014416351263773311,0.00016834193330410036,-0.0007735786449786588,0.00514161121807685,0.43697687236954286,0.007253759405639556,-0.014747009726744975,0.00010655658928474893,-0.012973694689017788,0.8992176132966774,0.43697687236954275,0.007253759405639595,-0.0007748682913538383,0.0044583742221542405
17.91959798994975,-0.00042329587146198294,0.009063782705522624,0.43694833848073755,-0.004653190707881698,0.007564550674179014,0.8992749793292745,-0.014810103463821087,0.0003404991244954999,0.4369483384807377,-0.004653190707881741,-0.00041276088022792015,0.00974796410928706,-0.014476860694848185,0.00038859425424530767,0.006299683119324517,0.8992829852893148,0.007564550674179021,0.8992749793292738,-0.01447686069484818,0.00038859425424553226,-0.00047289377233905827,0.005178343796798463,0.43704243526822656,-0.0021046439554147454,-0.014810103463820008,0.0003404991244964387,0.006299683119324517,0.8992829852893149,0.437042435268227,-0.0021046439554147263,-0.0005157350615345067,0.004492830227916248
18.01005025125628,-3.1945957043855996e-5,0.009105481468633396,0.43655688391483677,-0.014014828780217021,0.026845833912408645,0.8989974754470672,-0.01487511315312755,0.0005763831526061312,0.4365568839148365,-0.014014828780217016,-4.03292644641028e-5,0.009793261369240613,-0.014540000123974202,0.000610670247389178,0.02557459757555912,0.8990327677694651,0.026845833912408645,0.898997475447067,-0.014540000123974193,0.0006106702473889895,-0.00016897879559409922,0.005203962484302076,0.43670660319472177,-0.011458131014657546,-0.014875113153134827,0.000576383152606338,0.025574597575559077,0.8990327677694643,0.43670660319472154,-0.01145813101465754,-0.00025372260078199605,0.004517832598442312
18.100502512562816,0.00036303419247781855,0.009131952727024524,0.43576399638164154,-0.023353934085263935,0.04612979430511017,0.8984035405562308,-0.01494207265818009,0.0008146925083819215,0.43576399638164204,-0.023353934085263945,0.0003355854181721436,0.009824294981710377,-0.014605810953345089,0.0008350926776077871,0.044852635812421875,0.898466425526338,0.046129794305110175,0.8984035405562306,-0.01460581095334509,0.0008350926776076797,0.00013791367269516436,0.005218291104408446,0.43596967378951806,-0.02079151879117037,-0.014942072658185366,0.0008146925083816156,0.04485263581242189,0.8984664255263374,0.4359696737895181,-0.02079151879117038,1.096687662418751e-5,0.004533229019658406
18.190954773869347,0.000761219817711118,0.009142961452550344,0.43457046009391526,-0.032655280894456906,0.06541795510707037,0.8974920730540613,-0.015010983649304841,0.0010559206149136518,0.43457046009391515,-0.03265528089445691,0.0007146090125243027,0.009840840024565574,-0.014674300586359108,0.0010623945139042977,0.06413533115186168,0.8975828599986062,0.06541795510707037,0.8974920730540616,-0.014674300586359108,0.0010623945139044211,0.00044752431396102534,0.005221143256904084,0.4348323364907898,-0.03008961119670088,-0.015010983649319786,0.0010559206149159056,0.06413533115186168,0.8975828599986063,0.43483233649078995,-0.030089611196700894,0.00027812573317466144,0.004538856944982032
18.28140703517588,0.0011621742787342503,0.00913826807410028,0.4329774573355294,-0.04190362559448006,0.08471174684463936,0.8962614107168522,-0.015081814698871905,0.0013005693393070626,0.43297745733552867,-0.04190362559448003,0.0010963561622880267,0.009842664352752823,-0.014745441471267976,0.0012931177505460683,0.08342412509534815,0.896380411832654,0.08471174684463935,0.8962614107168522,-0.014745441471267974,0.0012931177505460096,0.0007595850538583635,0.005212322262178616,0.4332956767432363,-0.03933719170797434,-0.015081814698865636,0.0013005693393065383,0.0834241250953481,0.8963804118326535,0.4332956767432365,-0.039337191707974346,0.0005475390357911505,0.00453454349813698
18.371859296482413,0.0015654470280969401,0.009117628776657914,0.4309865748602543,-0.05108369994111556,0.10401246916475529,0.8947093347176074,-0.015154500328429141,0.0015491477880668154,0.43098657486025427,-0.051083699941115515,0.0014804281525061665,0.00982952884881356,-0.01481917008997494,0.0015278121641304806,0.1027203291859619,0.894856864836726,0.10401246916475522,0.8947093347176072,-0.01481917008997493,0.0015278121641306495,0.0010738169611484944,0.00519162128144141,0.4313611823502955,-0.04851901650096145,-0.015154500328418636,0.0015491477880668451,0.10272032918596193,0.8948568648367268,0.4313611823502958,-0.04851901650096149,0.0008189826342778311,0.004520105531672147
18.462311557788944,0.001970571548916374,0.009080795999799995,0.4285998124050395,-0.060180204983764585,0.12332125251378667,0.8928330750876712,-0.015228940008056302,0.0018021710274223673,0.4285998124050403,-0.06018020498376463,0.0018664107123065755,0.009801187870756026,-0.01489538589387702,0.001767033990915921,0.12202508669777279,0.8930094513767477,0.12332125251378669,0.8928330750876712,-0.014895385893877003,0.0017670339909159906,0.0013899281027081798,0.005158823620172235,0.42903075194545304,-0.05761980824087311,-0.015228940008063583,0.0018021710274227663,0.12202508669777275,0.8930094513767471,0.4290307519454526,-0.05761980824087308,0.0010922211968815297,0.004495349850913873
18.55276381909548,0.0023770632676656184,0.00902751913914069,0.42581959328277985,-0.06917780585644605,0.1426390196076908,0.8906293176830518,-0.015304997113431324,0.002060158713988368,0.42581959328278,-0.06917780585644613,0.0022538717878349116,0.009757389914925266,-0.014973950190422886,0.002011344508362469,0.14133933411378072,0.8908348592745026,0.14263901960769076,0.8906293176830513,-0.014973950190422892,0.002011344508362366,0.001707611362942443,0.005113703223056093,0.42630670554901445,-0.06662425072349991,-0.015304997113427195,0.002060158713987948,0.1413393341137806,0.8908348592745021,0.4263067055490146,-0.06662425072349983,0.0013670062101633726,0.0044600736071947695
18.64321608040201,0.002784417453458814,0.00895754546226869,0.4226487770093383,-0.07806112763322702,0.16196644666254897,0.8880942127309811,-0.01538249784400393,0.002323633620390493,0.4226487770093387,-0.07806112763322708,0.002642359296409276,0.009697878491597315,-0.015054684985913086,0.0022613085045594767,0.16066376236123034,0.8883292402836956,0.16196644666254886,0.8880942127309809,-0.015054684985913083,0.002261308504559492,0.002026542236852633,0.0050560253691886835,0.4231917971667121,-0.07551698456577202,-0.015382497844006126,0.002323633620392322,0.16066376236123023,0.8883292402836958,0.4231917971667122,-0.07551698456577204,0.0016430739511248806,0.004414064872215929
18.733668341708544,0.003192107116139771,0.008870621247131512,0.41909067390873117,-0.0868147524485195,0.18130392436389098,0.8852233850464286,-0.015461230110398846,0.0025931200406894526,0.4190906739087308,-0.08681475244851951,0.0030313988741851607,0.00962239323137823,-0.015137371792046637,0.002517492619041352,0.1799987777824301,0.8854882202335452,0.18130392436389087,0.8852233850464286,-0.015137371792046647,0.0025174926190410394,0.0023463766071839492,0.0049855475768061175,0.41968922937560343,-0.08428260414596754,-0.015461230110379143,0.002593120040688593,0.17999877778243004,0.8854882202335452,0.41968922937560343,-0.08428260414596757,0.001920143440601113,0.004357103400386931
18.824120603015075,0.003599580917479867,0.008766493151689475,0.41514906162835374,-0.09542321808525152,0.20065151856431185,0.8820119460219426,-0.015540942399123901,0.0028691420600527643,0.41514906162835363,-0.09542321808525142,0.003420491631042624,0.0095306712283602,-0.015221750405812131,0.00278046353847319,0.19934446283027107,0.8823069109432916,0.20065151856431193,0.8820119460219427,-0.015221750405812164,0.002780463538473071,0.0026667485174456363,0.004902020727158608,0.4158026698308666,-0.09290565599669046,-0.015540942399130852,0.0028691420600507524,0.199344462830271,0.8823069109432918,0.41580266983086656,-0.09290565599669048,0.0021979143882185307,0.004288961586886356
18.91457286432161,0.004006261109755192,0.008644909822524569,0.4108282034830763,-0.10387101823657968,0.22000893071189956,0.8784545075070749,-0.015621342627063968,0.0031522216740714733,0.4108282034830762,-0.1038710182365797,0.0038091119280738947,0.009422448631617746,-0.015307517674528377,0.0030507860308193377,0.218700536490629,0.8787799240238807,0.2200089307118995,0.8784545075070745,-0.015307517674528334,0.0030507860308192445,0.002987267954150733,0.004805190417377861,0.411536269613989,-0.10137063885648383,-0.015621342627053909,0.003152221674069052,0.2187005364906291,0.878779924023881,0.41153626961398926,-0.10137063885648386,0.0024760651407111202,0.004209405633566375
19.00502512562814,0.004411541521048598,0.008505623754061444,0.406132868532476,-0.11214260464917343,0.2393754580268236,0.8745451977057184,-0.015702096996885163,0.0034428767418313473,0.4061328685324761,-0.11214260464917333,0.004196705194862269,0.009297462488880477,-0.01539432626019622,0.003329020801919892,0.23806631444863657,0.8749013866952053,0.2393754580268236,0.874545197705718,-0.015394326260196227,0.0033290208019197713,0.003307518653370695,0.004694798552270665,0.40689468332853523,-0.10966200558849964,-0.01570209699688818,0.003442876741827571,0.23806631444863657,0.8749013866952058,0.4068946833285352,-0.10966200558849969,0.0027542506465417457,0.004118196928804328
19.095477386934675,0.004814785603784258,0.00834839340324273,0.4010683532797796,-0.12022239135824539,0.25874995346021035,0.8702776792305696,-0.015782828871141803,0.003741618759529859,0.4010683532797793,-0.12022239135824542,0.004582685805770406,0.009155452862213932,-0.015481783419747052,0.0036157221589406684,0.25744066903256335,0.8706649597581867,0.2587499534602104,0.8702776792305696,-0.01548178341974708,0.003615722158940778,0.003627055948632334,0.00457058518482667,0.40188309083384277,-0.11776416717685025,-0.015782828871135753,0.003741618759529633,0.2574406690325634,0.8706649597581866,0.40188309083384294,-0.1177641671768502,0.003032100452300566,0.004015093654156121
19.185929648241206,0.005215324569977392,0.008172985570427721,0.395640504863568,-0.128094761225879,0.278130785488152,0.8656451694636755,-0.015863117681109064,0.0040489504399609825,0.3956405048635675,-0.1280947612258788,0.00496643503660492,0.00899616521320765,-0.015569449820379269,0.003911435465934731,0.2768219889877396,0.8660638578707858,0.27813078548815207,0.8656451694636758,-0.015569449820379288,0.003911435465934771,0.003945404679285953,0.004432290614889726,0.3965072204897291,-0.1256614990128902,-0.015863117681093105,0.004048950439962073,0.27682198898773935,0.8660638578707858,0.396507220489729,-0.12566149901289014,0.003309216747418859,0.003899852622088587
19.27638190954774,0.005612455635302395,0.007979178051887,0.3898557455944004,-0.1357440749948356,0.2975157978143464,0.8606404633801396,-0.01594249789182761,0.004365363085743811,0.38985574559440006,-0.13574407499483526,0.0053472991254028815,0.00881935307446573,-0.015656838411820057,0.004216694377813903,0.2962081391535918,0.8610908722851964,0.2975157978143466,0.8606404633801391,-0.015656838411820067,0.004216694377813822,0.0042620571807342605,0.0042796577547971875,0.3907733737663089,-0.13333834968443875,-0.01594249789183397,0.004365363085727475,0.29620813915359195,0.8610908722851959,0.3907733737663088,-0.13333834968443878,0.0035851724763930714,0.0037722313590295114
19.366834170854272,0.006005440397911877,0.007766762570335925,0.38372109866783155,-0.14315468306944923,0.3169022690774585,0.8552559589985285,-0.016020458045949048,0.004691333744743321,0.38372109866783133,-0.14315468306944928,0.00572458746347639,0.008624781008077717,-0.01574341338010626,0.004532017840411134,0.3155964201394275,0.8557383962099551,0.3169022690774585,0.855255958998529,-0.01574341338010625,0.004532017840411209,0.004576471380312744,0.00411243476984848,0.3846884510524614,-0.14077905248058117,-0.016020458045937488,0.004691333744736064,0.31559642013942735,0.855738396209955,0.38468845105246124,-0.14077905248058115,0.0038595095397122533,0.0036319904359759397
19.457286432160803,0.006393503379973317,0.007535547985997338,0.37724421486299464,-0.15031094023318595,0.3362868726837991,0.8494836856258731,-0.016096439912310617,0.005027322138252832,0.37724421486299464,-0.15031094023318603,0.0060975709454729144,0.008412227861813924,-0.015828589210307845,0.004857906846047226,0.33498352811910787,0.84999845296515,0.33628687268379914,0.8494836856258732,-0.015828589210307907,0.004857906846047015,0.00488806902511302,0.003930378000180542,0.3782599784741584,-0.14796793982288603,-0.016096439912290886,0.005027322138264969,0.3349835281191076,0.8499984529651502,0.3782599784741583,-0.14796793982288595,0.004131737107069369,0.0034788960565050727
19.547738693467338,0.006775830763410633,0.007285363794053859,0.3704334000118413,-0.1571972235086089,0.3556656369123046,0.8433153350672008,-0.01616983776656211,0.005373767353397581,0.3704334000118412,-0.15719722350860887,0.00646548050975423,0.008181490318171492,-0.015911729888439544,0.005194840936143965,0.35436551489111445,0.8438627271010163,0.35566563691230446,0.8433153350672007,-0.015911729888439523,0.005194840936143978,0.00519623407063438,0.0037332551689221254,0.3714961355098806,-0.1548893608302937,-0.016169837766569117,0.005373767353397738,0.35436551489111423,0.843862727101016,0.3714961355098804,-0.15488936083029375,0.004401330068484725,0.003312722907515684
19.63819095477387,0.007151569350504251,0.007016063903342489,0.36329764299865114,-0.1637979533595624,0.375033905466829,0.8367422959689204,-0.016239997836435795,0.005731084295495216,0.3632976429986512,-0.16379795335956246,0.006827505903083764,0.007932386750061245,-0.015992148275644293,0.005543274445003505,0.37373774837856166,0.8373225986495965,0.3750339054668289,0.8367422959689208,-0.015992148275644217,0.005543274445003674,0.005500311261751885,0.0035208488793881196,0.36440578316472877,-0.16152770221918009,-0.01623999783643424,0.005731084295502313,0.3737377483785616,0.8373225986495964,0.364405783164729,-0.16152770221918006,0.004667727652050628,0.003133257273045255
19.728643216080403,0.007519825787632561,0.006727530697804552,0.355846644022149,-0.17009761842677812,0.3943862986805416,0.8297556914617372,-0.01630621794296552,0.0060996598969463925,0.35584664402214916,-0.17009761842677806,0.0071827947061344774,0.007664761366213881,-0.016069105690496285,0.005903632481898742,0.3930948737734567,0.8303691806756646,0.3943862986805417,0.8297556914617377,-0.016069105690496282,0.0059036324818987915,0.005799604940101946,0.0032929604014671396,0.3569984924376874,-0.16786741273187716,-0.016306217942976643,0.006099659896938934,0.3930948737734569,0.8303691806756647,0.35699849243768694,-0.16786741273187716,0.0049303322387433315,0.002940300415382019
19.819095477386934,0.007879666087618456,0.006419679372069184,0.3480908428241934,-0.1760808039767371,0.41371667560828734,0.8223464202617393,-0.01636774737518261,0.006479849083748183,0.3480908428241934,-0.17608080397673756,0.007530451658858558,0.007378488652821676,-0.016141811737913854,0.006276306652178715,0.4124307755606279,0.8229933602860635,0.4137166756082875,0.8223464202617395,-0.016141811737913982,0.006276306652178601,0.006093378114495333,0.0030494137442539327,0.3492845727879441,-0.17389303127575115,-0.016367747375173883,0.006479849083759965,0.4124307755606282,0.8229933602860637,0.34928457278794456,-0.17389303127575112,0.005188508407384992,0.0027336722202788138
19.90954773869347,0.008230115491205189,0.006092462530224966,0.34004144655940133,-0.18173222422877908,0.43301809727504,0.8145052013775329,-0.01642378703594963,0.006871970504584457,0.3400414465594013,-0.18173222422877905,0.0078695383270078,0.007073478094900913,-0.016209424425630916,0.0066616505221728205,0.43173854068900014,0.8151858432459762,0.43301809727504026,0.8145052013775335,-0.016209424425630867,0.0066616505221729645,0.006380851833348416,0.002790060008326719,0.341275100276525,-0.179589218940441,-0.01642378703594622,0.006871970504588518,0.43173854068900014,0.8151858432459764,0.3412751002765248,-0.17958921894044103,0.005441582245372182,0.0025132150997119176
20.0,0.008570158708681134,0.005745875035245092,0.3317104569495964,-0.187036758706923,0.4522827913817344,0.8062226225564091,-0.016473489899005135,0.0072763020309960635,0.3317104569495961,-0.187036758706923,0.008199073153155045,0.006749679167827819,-0.016271050611342847,0.007059974837323026,0.4510104231911023,0.8069372023358097,0.4522827913817346,0.806222622556409,-0.016271050611342902,0.007059974837323006,0.006661204900259834,0.002514782006851489,0.3329819450289133,-0.1849407950426563,-0.016473489899009732,0.0072763020309943366,0.45101042319110235,0.8069372023358095,0.33298194502891304,-0.18494079504265612,0.005688840962217923,0.0022787981478813364
